100 100
0 0 1 0 0 0 0 0 1 0 0 0 0 0 0 0 1 0 1 1 0 0 1 1 1 0 0 1 0 0 1 0 1 1 1 0 1 0 1 0 1 1 0 0 0 0 1 0 0 0 1 1 1 1 0 1 1 0 1 0 0 0 0 1 1 1 0 1 0 0 0 1 1 1 0 0 1 0 1 1 1 0 1 0 0 1 1 1 1 0 0 1 0 0 0 0 0 1 0 1
1 1 1 0 0 1 1 0 1 1 0 1 0 1 0 0 1 0 0 1 0 0 1 1 0 0 1 1 0 0 0 0 0 1 0 0 0 1 0 1 1 0 0 1 1 1 1 1 0 0 0 0 1 0 0 0 0 0 0 0 0 0 1 0 0 1 1 0 0 1 0 1 1 0 0 0 1 1 1 1 1 0 0 0 1 1 0 0 0 0 1 0 1 0 1 1 0 0 1 0
0 0 0 0 0 1 1 1 0 1 0 0 1 0 1 1 1 1 1 1 0 0 1 0 0 0 1 0 0 1 0 0 0 0 0 0 0 1 0 0 0 0 1 1 1 0 1 0 1 1 0 1 1 1 0 0 1 0 0 0 1 0 1 0 0 1 1 0 1 1 0 1 0 0 1 0 0 0 1 1 0 1 0 1 1 1 0 0 1 1 0 0 1 0 1 0 1 1 0 0
0 0 0 1 0 1 0 0 1 1 0 1 0 0 0 1 1 0 0 0 0 1 0 0 1 1 0 1 0 0 1 0 1 0 0 1 1 1 0 0 0 0 1 1 1 0 1 1 1 1 0 0 1 0 1 0 0 1 1 1 1 0 1 0 1 0 1 0 0 1 1 0 1 1 0 1 1 1 1 1 1 0 0 1 1 0 1 1 0 1 1 0 1 1 1 1 1 0 1 0
0 1 1 0 0 1 0 0 0 0 0 0 1 0 1 1 0 1 1 1 0 0 0 0 1 0 0 1 0 0 0 1 0 1 1 1 1 1 0 1 1 1 0 1 1 0 1 1 0 1 0 1 1 1 0 0 0 0 1 0 0 0 1 1 1 1 1 0 0 1 1 0 1 1 0 1 1 1 1 0 1 0 1 1 1 0 1 1 1 0 1 0 0 1 0 0 1 0 1 0
0 1 1 1 0 1 1 1 1 1 1 1 0 1 0 0 1 0 0 0 0 0 0 0 0 0 0 1 0 0 1 1 1 0 0 0 1 0 0 1 1 1 0 0 0 0 1 0 0 1 1 1 0 1 0 1 1 0 1 1 1 0 1 0 1 1 1 1 1 1 0 0 1 1 0 1 1 1 0 1 1 0 1 0 1 1 1 1 1 0 0 0 0 1 1 0 1 1 1 0
0 1 0 1 0 1 1 1 1 1 1 1 1 1 1 1 0 0 0 1 0 0 0 0 1 1 1 0 0 1 0 1 0 1 0 0 1 0 0 1 0 1 0 0 1 1 1 1 1 0 0 1 1 0 0 1 1 0 0 0 0 1 0 0 0 1 0 1 1 1 1 1 1 0 0 0 0 1 0 0 0 0 0 0 0 1 1 1 1 0 0 1 1 1 0 0 1 0 1 0
0 0 1 0 0 0 0 1 1 1 0 1 1 1 1 1 1 0 0 1 1 1 0 0 0 0 1 0 0 1 1 1 0 1 1 0 1 1 1 1 1 0 0 1 1 1 1 1 0 1 0 1 1 1 0 1 0 1 1 0 0 1 1 1 0 0 1 0 1 1 1 0 0 0 0 1 0 1 0 0 0 1 0 0 1 1 1 1 1 1 0 1 0 1 0 0 0 1 1 1
1 0 1 1 1 0 1 1 1 1 1 1 1 0 0 1 0 1 0 1 1 1 1 0 1 0 0 1 0 1 0 1 0 0 1 0 0 1 1 1 1 0 1 1 1 1 0 0 0 1 0 0 1 0 0 1 0 1 0 0 1 0 1 1 1 1 0 0 1 0 0 0 0 1 0 1 0 0 1 1 1 1 0 1 1 0 0 1 1 1 1 1 1 1 0 1 1 0 0 1
1 1 1 0 1 1 0 0 1 1 0 1 0 0 1 0 0 0 1 1 0 1 0 0 1 1 1 0 0 0 1 1 0 1 1 1 1 0 1 0 0 0 1 1 0 1 0 1 0 1 1 1 1 1 0 0 1 0 1 0 0 1 1 1 0 0 0 0 1 1 0 0 0 0 1 1 1 1 0 1 0 1 1 1 0 1 0 1 1 0 1 0 1 1 0 1 1 0 0 1
0 0 0 0 1 0 0 0 0 0 0 0 1 0 0 1 0 0 1 0 0 0 0 0 1 0 1 0 0 1 0 0 1 0 0 1 1 1 0 1 0 0 1 1 0 0 1 1 1 0 1 1 0 0 1 0 0 0 1 1 1 1 1 1 0 0 0 1 1 0 1 1 1 1 1 0 1 1 1 1 1 0 1 0 0 0 0 1 0 1 0 0 1 0 1 1 1 0 1 1
1 0 0 0 1 0 0 1 1 0 1 0 1 0 1 0 0 1 1 1 1 0 0 0 1 0 0 0 0 0 1 1 1 1 0 1 1 1 0 0 0 0 0 0 1 1 1 1 1 1 1 0 0 1 1 0 1 1 1 0 0 1 0 0 0 1 0 0 1 1 1 0 0 1 1 0 0 1 0 1 0 1 0 1 0 1 0 1 1 1 1 1 0 1 0 1 0 1 1 0
1 0 0 1 1 0 1 1 1 0 1 0 0 0 0 1 1 0 0 0 0 1 0 0 0 0 0 1 1 1 1 1 0 1 0 1 1 1 1 0 1 0 1 1 1 0 0 1 1 0 0 1 1 0 1 0 1 1 0 0 1 0 1 0 0 0 0 1 1 0 1 1 1 1 1 1 0 1 0 1 0 1 1 1 0 1 0 0 1 1 1 0 0 1 1 1 0 0 1 1
0 1 1 0 0 1 1 0 0 0 0 0 1 0 0 1 0 1 0 0 0 0 1 0 1 1 0 1 1 1 0 0 1 1 0 1 1 1 1 1 1 0 0 0 1 0 1 1 0 0 1 0 0 1 1 0 1 0 0 1 1 0 1 0 1 1 0 1 0 1 0 0 1 0 1 0 0 0 1 1 0 1 1 0 0 0 1 0 0 1 0 1 0 1 0 0 0 1 1 0
0 1 0 0 0 1 1 0 1 0 1 0 0 1 0 0 1 1 0 1 1 1 0 1 0 1 0 0 1 0 0 1 1 0 1 1 0 0 0 1 0 1 0 0 0 0 1 1 1 1 1 0 0 1 1 0 1 1 0 1 1 1 1 1 1 0 1 1 1 1 0 1 0 1 0 1 1 0 0 1 1 1 1 1 0 1 1 1 0 1 1 1 0 0 1 1 0 0 0 1
0 0 0 0 1 1 1 0 0 1 1 1 1 0 0 1 1 1 1 0 0 0 0 1 1 0 1 1 1 0 1 1 0 0 0 0 1 0 1 0 1 1 0 1 1 0 0 1 0 0 0 0 0 1 0 1 1 1 0 0 0 1 1 1 1 1 0 0 1 0 1 1 1 0 0 0 1 0 0 0 1 0 0 1 0 1 1 0 1 0 1 0 1 0 0 0 0 1 0 0
0 0 1 0 1 0 1 1 1 1 0 1 1 1 0 0 0 1 1 1 1 0 1 0 1 1 1 1 0 1 0 1 0 1 0 1 1 0 0 0 0 1 1 1 0 0 1 1 0 0 1 1 1 1 1 0 0 1 1 0 0 1 0 0 1 1 1 1 0 0 1 0 1 1 1 1 0 1 0 0 1 1 0 1 1 1 0 0 0 1 1 1 1 0 0 1 0 0 0 0
1 1 1 0 0 1 1 0 1 1 1 1 1 1 0 1 1 0 1 1 0 1 1 0 0 1 0 1 0 0 0 0 0 0 1 1 1 0 1 0 1 1 0 0 0 1 1 1 1 0 1 1 1 1 1 0 0 1 1 0 1 1 0 1 1 1 1 1 1 0 1 1 1 0 1 0 1 0 1 1 1 1 0 0 1 1 0 0 0 0 0 0 0 0 0 1 1 1 0 0
0 0 1 1 1 0 1 1 1 0 0 0 0 0 1 0 0 1 1 0 1 0 0 1 0 1 1 1 1 0 1 1 0 0 1 0 1 1 0 0 1 1 0 0 1 1 1 0 1 0 0 0 1 1 0 0 1 1 0 1 1 1 1 0 1 1 0 0 0 1 1 0 1 1 0 1 1 0 0 0 1 0 1 1 1 1 0 0 0 1 1 0 0 0 0 0 0 1 1 0
0 1 0 1 0 1 0 1 1 0 1 1 0 1 1 0 0 0 0 1 1 0 0 0 1 0 1 1 0 0 1 1 1 1 1 1 0 0 1 0 0 1 0 0 0 0 1 1 1 1 0 0 1 1 0 1 0 0 0 1 0 0 0 0 0 0 1 0 0 0 1 1 0 0 0 0 1 0 1 1 0 1 0 0 1 1 1 0 0 1 1 0 1 1 1 1 1 0 1 1
0 1 0 0 1 0 1 0 1 1 0 1 0 1 0 1 0 1 1 0 0 0 1 1 0 0 0 0 1 0 1 1 0 0 0 0 1 0 0 1 0 1 1 1 1 1 1 1 1 1 1 0 1 1 0 1 1 1 0 0 0 0 1 1 1 0 0 1 0 1 0 1 1 1 1 1 1 0 1 0 0 1 0 0 0 0 0 0 1 0 0 0 0 0 0 1 1 0 1 1
0 0 1 0 0 1 1 0 1 0 0 0 0 0 0 1 1 1 1 0 1 1 1 0 0 1 0 0 0 1 1 1 1 0 0 0 0 1 1 1 0 0 0 0 1 1 0 0 1 0 0 1 0 0 0 1 0 1 0 0 1 1 1 0 0 1 0 0 1 0 0 1 1 1 0 1 1 1 0 1 1 1 0 1 0 1 0 0 0 1 0 1 0 1 1 1 0 0 0 1
1 1 1 0 0 0 0 1 1 1 0 0 0 1 0 1 1 0 1 1 1 0 0 0 1 0 0 1 1 1 1 0 0 0 1 1 1 1 1 0 1 1 0 1 0 1 0 0 1 0 1 1 1 1 1 1 1 0 1 1 0 1 1 0 1 1 1 1 0 1 1 1 1 1 0 0 0 0 1 0 1 1 0 1 1 0 1 0 1 0 1 1 0 1 1 1 1 0 1 0
0 0 1 0 0 1 1 1 0 0 0 1 0 0 1 1 1 1 0 1 0 1 0 1 1 0 0 0 1 1 1 1 0 1 1 1 0 1 1 1 0 1 0 0 0 1 0 0 0 0 0 1 1 1 0 1 0 0 1 1 0 0 1 1 1 0 0 0 1 0 0 0 1 1 0 1 0 1 1 1 1 1 0 1 1 1 0 1 0 0 1 0 0 1 0 0 1 0 1 1
0 1 1 0 1 0 0 1 1 0 0 1 1 0 1 0 1 0 0 1 1 1 1 1 1 1 0 0 0 0 1 0 1 0 1 0 1 1 0 0 1 1 0 1 0 1 0 0 1 0 1 1 1 0 1 0 0 0 1 1 0 0 0 0 0 1 1 0 1 1 1 1 0 0 1 0 1 0 0 0 0 1 0 1 1 0 1 1 1 1 0 0 1 1 1 1 1 1 0 0
1 1 0 1 0 1 0 1 1 1 1 1 0 1 1 0 0 0 1 0 0 0 1 1 0 1 0 0 1 0 1 0 1 1 0 1 0 0 1 1 0 1 0 0 0 0 1 0 0 0 1 0 0 1 0 1 0 1 0 0 1 0 0 0 1 1 1 0 1 0 0 0 0 0 1 1 0 0 1 1 0 0 0 0 0 1 1 1 1 0 0 1 0 0 1 0 1 0 0 1
1 0 0 1 1 0 0 1 0 0 1 1 0 1 1 1 0 1 0 0 0 0 1 0 0 0 1 1 1 1 1 0 0 1 0 1 0 0 0 1 1 0 1 1 0 0 0 0 1 0 1 0 1 0 0 0 0 0 0 1 1 1 0 1 0 1 0 0 1 1 1 0 1 0 1 1 1 0 1 0 1 0 1 0 0 0 0 0 0 0 0 1 1 1 0 0 0 1 0 1
0 1 1 1 0 1 0 0 0 0 0 1 0 1 1 1 1 0 1 0 1 0 1 1 0 1 1 1 0 0 0 0 1 0 0 1 0 1 0 1 1 0 0 0 1 1 0 0 1 0 0 0 1 1 1 0 0 0 1 0 0 1 0 0 1 1 1 1 1 1 1 1 0 0 0 0 0 0 0 0 1 1 1 1 0 1 0 1 1 1 1 0 0 0 1 0 0 1 0 0
0 1 1 0 1 1 0 0 1 1 0 0 1 0 0 0 0 0 0 0 0 1 1 0 1 0 0 0 0 1 0 0 1 0 0 1 0 0 1 1 1 0 1 1 0 1 0 0 1 1 1 0 0 0 1 1 1 1 0 0 1 1 0 1 0 0 0 1 1 1 1 1 1 1 1 0 0 1 0 0 1 0 1 1 0 0 0 0 0 1 0 0 1 1 0 0 0 1 1 0
1 0 0 1 1 0 1 0 0 0 0 0 0 1 0 1 0 0 1 0 1 0 0 0 0 0 1 0 1 1 0 1 1 1 0 0 1 1 1 0 1 0 0 1 1 1 0 0 0 1 0 0 1 0 0 1 0 1 0 0 1 1 0 0 1 1 0 1 0 0 0 1 1 0 0 0 1 1 1 0 1 1 1 1 1 0 1 0 0 1 0 0 1 0 1 1 0 0 1 0
1 0 0 0 1 1 0 1 0 1 0 0 0 1 0 0 1 1 1 1 0 0 0 1 1 0 0 1 0 1 0 1 1 0 0 0 0 0 1 0 1 0 1 1 1 1 1 0 1 0 1 1 1 0 1 0 1 1 1 1 0 1 0 0 0 0 1 1 0 0 1 1 1 0 1 1 0 1 0 0 0 1 0 0 0 0 0 0 1 0 1 0 0 1 1 0 0 1 1 1
1 1 0 1 0 1 0 0 0 0 0 1 1 1 1 1 1 1 0 0 1 1 0 1 0 1 1 0 0 1 1 1 0 1 1 1 1 1 0 0 0 1 1 1 1 1 0 0 1 0 1 1 1 0 0 0 1 1 0 0 0 0 0 0 0 0 1 0 1 0 1 1 1 1 0 0 0 1 1 1 0 1 1 1 0 1 0 1 0 1 0 0 0 0 0 0 1 1 0 0
1 0 0 0 0 1 1 1 1 1 1 1 1 0 1 1 1 0 0 1 1 1 0 1 0 1 1 1 1 1 1 0 0 0 0 1 1 0 0 1 1 1 1 1 1 0 0 1 0 1 1 1 0 0 1 0 1 0 1 0 1 0 0 1 0 1 1 1 1 1 1 1 0 1 0 0 1 0 0 1 1 1 0 0 0 0 1 1 1 0 1 0 0 1 1 0 1 0 0 1
1 0 0 0 1 0 0 1 1 1 1 1 1 0 0 0 1 0 1 0 0 0 0 0 1 1 0 0 1 1 0 0 0 1 1 1 1 1 0 1 1 1 0 0 1 0 0 0 0 0 0 0 0 1 0 1 1 0 0 0 0 0 0 1 1 1 0 1 1 0 0 0 1 1 0 1 0 1 0 0 1 0 0 1 0 0 1 0 1 1 1 0 0 1 0 1 1 0 0 0
0 0 1 0 0 0 0 1 0 1 1 1 1 0 0 0 0 1 1 1 1 0 0 0 0 0 0 1 1 1 1 0 1 1 0 0 1 1 1 1 1 1 1 0 0 0 0 0 0 1 1 1 0 1 1 0 0 1 1 0 1 1 0 0 1 1 0 0 1 0 1 0 1 1 1 0 0 0 0 1 1 0 0 1 1 0 1 1 0 0 1 1 0 0 1 1 1 0 1 1
1 0 1 0 0 1 1 0 0 0 1 0 1 1 1 0 0 1 1 1 1 1 0 0 0 0 1 1 1 1 0 0 0 1 0 1 0 1 0 0 0 1 0 1 0 1 0 1 0 0 1 1 0 1 0 0 1 1 0 0 0 0 1 1 1 1 0 1 1 1 1 1 0 0 1 1 1 0 0 0 1 1 0 0 1 0 1 1 1 1 1 0 0 0 1 0 0 0 0 1
0 1 1 0 0 1 0 0 1 1 0 0 1 0 1 0 1 1 1 1 0 0 1 0 1 0 1 0 0 1 1 0 0 0 0 0 1 0 1 1 1 0 0 1 0 1 1 0 0 0 1 0 1 1 1 0 1 0 0 0 0 1 1 0 1 0 0 1 1 1 1 0 1 0 0 1 1 0 0 0 1 1 0 1 1 1 0 1 1 1 0 1 0 1 0 0 0 0 0 0
0 1 0 0 1 0 0 0 1 1 0 0 0 0 0 1 0 0 1 1 1 1 1 1 1 0 1 0 0 0 0 0 1 0 1 1 0 1 1 1 1 0 1 0 0 0 1 1 0 1 1 0 0 0 0 0 1 0 1 0 1 0 1 0 0 0 0 1 0 0 0 0 1 0 1 0 1 0 0 1 1 1 0 0 0 1 0 0 1 1 1 1 1 0 1 1 1 0 0 1
0 0 1 1 1 0 1 1 1 1 1 1 1 0 0 0 1 0 0 1 0 0 0 0 1 0 0 1 1 0 1 1 0 1 0 1 0 1 1 0 0 0 0 1 0 0 0 1 1 0 0 1 0 0 1 1 0 0 0 1 1 1 1 0 0 1 0 1 1 0 1 1 1 0 1 1 0 1 1 1 1 1 0 0 1 0 0 0 1 0 0 0 0 1 0 0 1 1 0 1
1 1 0 0 1 0 0 0 0 0 0 0 0 0 0 1 0 1 0 1 0 0 1 1 1 0 0 1 0 0 1 0 1 1 0 0 1 1 0 0 0 0 1 0 0 0 1 0 0 0 1 0 0 1 1 1 0 1 0 1 1 1 0 1 0 1 1 0 0 1 1 1 0 0 0 0 0 1 0 1 1 1 0 0 1 1 1 1 1 1 1 0 1 1 0 1 1 1 1 1
1 0 0 0 1 0 0 0 1 1 0 0 1 0 0 0 1 1 0 0 1 0 1 0 0 1 1 1 0 0 1 1 0 0 1 0 0 0 0 0 1 0 0 0 0 1 1 1 1 1 0 0 0 0 1 1 1 1 0 0 1 1 0 1 0 1 0 0 1 1 0 1 1 1 1 1 0 1 1 1 0 1 0 1 0 1 0 0 1 1 1 0 1 0 1 0 1 1 0 0
1 1 1 0 1 0 0 1 0 0 0 1 0 0 0 0 1 0 0 0 0 1 0 0 1 1 1 1 1 1 0 1 1 0 0 0 1 1 0 1 1 0 1 0 1 1 0 0 0 1 0 1 1 1 0 1 0 1 1 1 1 0 1 1 0 1 1 1 1 1 1 0 0 0 0 1 0 1 1 0 0 0 1 0 0 1 1 0 1 1 1 1 0 1 0 0 0 0 1 1
0 1 1 1 1 1 1 1 0 1 0 1 0 0 1 1 1 1 1 0 1 1 1 0 0 1 1 1 0 0 0 1 0 1 1 1 1 1 1 1 1 1 1 0 0 0 0 0 1 0 0 0 1 0 0 0 1 0 0 1 0 0 1 0 0 1 1 0 0 1 1 0 0 0 0 0 1 1 1 1 1 1 0 0 1 1 1 1 1 0 0 1 1 1 1 1 0 1 0 0
0 1 1 1 0 1 1 1 0 1 1 0 0 1 0 1 1 1 0 0 1 1 0 1 0 1 0 1 1 1 1 0 0 0 0 1 0 1 1 1 1 0 1 0 0 0 0 0 0 1 1 0 1 0 0 0 0 0 1 0 1 1 1 1 1 1 0 1 0 0 0 1 1 0 1 0 0 1 1 0 0 0 1 1 0 0 0 1 0 0 1 1 1 1 0 0 0 1 1 1
0 1 0 0 0 0 1 1 0 0 1 0 1 0 0 0 1 0 1 0 0 0 1 0 1 0 0 1 0 0 0 1 0 1 1 1 0 0 1 1 0 1 0 1 1 1 1 0 0 1 1 1 1 0 0 0 1 1 1 1 1 0 1 0 0 1 0 1 0 1 0 1 0 1 1 1 1 0 0 0 0 0 0 0 0 0 1 0 0 0 1 1 1 0 1 0 0 0 0 1
0 1 0 1 1 1 0 1 0 0 1 0 0 0 0 0 1 0 0 0 0 1 0 1 1 1 0 0 0 1 1 0 1 1 1 1 1 1 1 1 0 0 1 1 1 1 1 1 0 0 1 0 0 1 0 1 0 0 1 0 1 0 0 0 1 1 0 0 1 1 0 0 1 1 0 1 0 0 1 1 0 1 0 1 0 1 0 0 1 1 1 1 0 0 0 1 0 1 0 1
0 1 0 0 0 1 1 0 0 1 1 1 0 0 1 0 1 0 1 1 0 1 1 0 0 1 0 1 1 0 0 0 0 1 1 1 0 0 1 1 1 1 0 1 1 0 1 0 1 1 0 1 0 0 0 1 0 0 0 0 0 0 1 0 1 0 1 1 1 0 1 0 0 0 1 1 0 0 1 0 1 0 0 1 0 1 0 1 0 0 1 1 1 0 0 1 1 0 1 0
1 1 0 0 0 1 0 0 0 1 1 1 1 0 0 1 1 1 1 0 1 0 1 1 0 1 0 0 1 1 0 0 1 0 1 0 0 1 1 1 1 0 0 0 0 0 1 0 1 0 0 1 0 0 0 1 0 0 1 1 1 1 1 1 0 0 0 0 0 0 1 0 0 0 0 1 0 1 0 1 1 0 1 1 1 0 0 0 0 0 1 0 1 1 0 0 0 0 0 1
1 1 1 0 1 1 0 1 1 1 0 0 1 1 0 0 1 0 1 0 0 1 1 1 1 1 1 0 1 1 0 0 1 1 0 0 0 0 1 1 1 1 0 0 1 0 1 0 1 1 0 0 0 0 1 1 0 1 0 1 1 0 0 1 0 0 0 0 0 1 1 1 1 1 0 0 0 0 0 1 0 1 1 1 0 1 0 0 1 1 1 1 0 0 0 1 0 0 0 0
0 1 0 0 0 1 1 0 0 0 1 0 0 1 0 1 1 0 0 1 1 1 1 0 1 0 1 1 0 0 1 1 1 0 0 0 0 0 1 1 1 1 1 1 0 1 1 1 0 0 1 0 0 0 0 1 0 0 1 1 0 1 1 0 0 0 1 1 0 1 1 1 0 0 1 1 1 0 0 0 1 1 1 1 0 0 1 0 1 1 1 1 0 1 1 0 0 1 1 0
0 1 0 1 1 0 1 0 0 1 1 0 1 1 0 1 0 1 1 1 0 1 0 0 1 0 0 0 1 0 1 0 0 1 1 1 1 0 0 0 0 0 1 1 0 0 1 0 0 1 1 0 0 1 0 1 0 1 0 0 1 1 1 1 0 1 0 0 1 0 0 0 0 1 1 1 0 1 0 0 0 1 1 1 0 0 0 1 0 0 1 0 0 1 1 0 1 1 1 1
0 0 1 0 0 1 0 1 1 1 1 0 0 0 1 1 1 0 1 1 1 1 0 0 1 0 1 1 1 0 1 1 0 0 1 0 1 0 1 1 1 1 0 0 0 1 1 0 1 0 1 1 1 0 0 0 1 0 1 1 0 1 0 1 1 0 0 1 1 1 0 0 0 0 0 0 0 1 1 1 1 0 0 1 1 1 1 1 0 0 1 0 1 0 1 0 0 1 0 1
0 0 1 1 1 1 1 1 1 0 0 1 0 0 1 1 1 0 1 0 0 0 0 0 0 1 1 0 0 0 1 1 1 0 1 1 1 1 1 0 0 1 0 1 0 1 1 1 0 0 1 1 0 1 0 0 1 1 0 0 0 1 0 1 0 1 0 1 1 1 1 1 1 1 1 0 0 1 1 0 1 0 0 1 0 1 1 0 0 0 1 1 0 1 1 1 0 0 0 0
1 1 0 1 0 1 0 0 1 0 0 0 1 1 1 0 1 0 0 1 0 1 0 0 0 1 1 1 1 1 0 1 1 1 1 0 1 0 1 1 1 1 0 0 1 1 1 1 1 1 0 1 1 1 0 0 1 0 1 0 0 0 0 1 0 0 1 1 0 1 1 0 0 0 0 0 0 0 0 0 0 1 0 0 0 1 1 1 0 1 1 1 1 1 0 0 1 0 1 1
1 0 1 1 0 1 0 1 0 1 0 1 0 0 1 0 0 1 1 0 0 0 0 1 1 0 1 0 0 0 1 1 0 1 1 0 1 1 1 1 0 0 0 1 1 0 1 1 1 1 0 0 1 1 0 1 1 0 0 0 1 0 1 1 0 1 1 0 1 0 0 0 0 0 0 1 1 0 1 1 1 0 0 1 0 1 0 1 0 0 1 0 0 0 0 0 1 0 1 0
0 0 0 0 0 1 0 1 0 0 0 0 1 0 0 0 1 1 1 1 0 0 1 0 0 0 1 0 0 1 0 1 0 1 0 1 0 0 0 0 1 0 0 1 0 0 0 0 0 1 1 1 0 0 0 1 1 1 0 0 0 0 1 0 1 1 1 0 0 0 0 0 1 0 1 0 1 0 0 0 0 1 1 0 0 0 0 1 1 0 1 1 1 1 0 0 0 0 0 0
1 0 0 0 1 1 1 0 1 0 0 1 0 0 0 1 0 1 0 0 1 1 0 1 0 0 1 0 1 1 0 1 0 1 1 0 1 0 0 0 1 0 0 1 1 1 0 1 0 1 0 0 0 0 1 1 0 1 1 1 0 1 0 0 1 1 0 0 0 1 0 0 1 0 1 1 1 0 1 1 0 0 0 1 0 0 1 1 0 0 0 1 1 0 1 0 1 1 0 1
0 1 1 0 0 1 1 0 1 1 1 0 0 1 0 1 0 0 1 1 1 0 1 1 0 0 0 0 1 0 0 1 0 0 1 1 1 1 1 0 0 1 1 1 1 0 1 1 1 1 0 0 1 0 0 1 0 1 0 0 0 1 0 0 1 0 0 0 1 1 0 1 1 1 1 0 1 0 0 0 0 1 1 1 1 1 1 1 1 0 1 0 1 0 1 1 1 0 0 1
1 1 0 0 1 0 0 0 0 0 0 0 1 0 1 1 1 0 0 0 1 1 0 1 1 0 1 0 0 1 1 0 1 1 0 0 1 1 1 1 0 1 1 0 1 0 0 0 1 0 1 0 1 1 0 1 0 0 0 1 0 0 0 1 0 1 0 1 1 0 1 1 0 1 1 1 1 0 1 1 1 1 1 0 0 1 1 1 1 0 1 1 0 0 0 0 1 1 1 0
1 0 0 1 1 1 0 1 0 0 0 1 1 1 0 1 1 1 1 0 0 0 0 1 1 1 0 1 1 0 1 0 0 0 1 1 0 1 1 1 1 1 0 1 0 1 0 0 0 1 1 0 1 0 0 1 1 1 1 0 1 1 0 0 0 0 0 1 1 1 1 1 0 1 0 0 0 1 1 1 1 1 0 0 0 0 0 0 0 1 1 0 0 0 0 1 1 1 1 0
1 1 0 1 0 0 0 0 0 0 1 0 0 0 0 1 0 0 0 1 1 0 0 0 0 0 1 0 1 0 0 1 0 0 0 0 0 0 1 0 0 0 1 1 1 0 0 0 0 0 0 0 1 0 0 0 0 1 1 0 1 0 0 1 1 1 0 0 1 0 1 0 1 0 0 1 1 1 0 0 1 1 0 1 1 1 1 1 0 1 1 1 0 0 1 1 0 0 1 0
1 1 0 0 0 1 1 0 0 0 1 0 1 0 1 0 0 1 1 1 1 1 1 1 1 1 1 0 1 0 0 1 1 1 0 0 0 0 0 0 1 0 0 1 1 0 1 0 0 1 1 0 1 1 1 1 1 0 0 1 0 1 1 1 1 1 1 0 0 0 1 0 1 1 0 1 1 1 0 1 1 1 0 0 1 1 1 1 1 1 1 0 0 0 0 1 1 0 1 1
0 1 1 1 1 1 0 0 0 0 1 0 0 1 0 1 0 0 1 0 1 1 1 1 0 1 0 1 1 1 1 0 1 0 0 1 1 1 0 1 1 1 0 1 0 0 1 1 0 1 1 0 0 0 1 1 0 1 1 0 1 0 1 1 1 1 0 1 1 1 1 0 0 0 1 0 1 1 1 0 0 1 1 0 0 0 1 1 1 1 0 0 1 1 1 0 1 0 1 0
0 0 0 0 0 1 1 1 1 1 0 0 0 1 0 0 1 1 0 0 1 0 0 0 1 1 0 1 1 0 1 0 0 0 0 1 1 0 0 0 1 1 1 0 1 0 0 0 0 0 1 1 1 1 0 1 1 0 1 1 1 0 1 0 1 1 1 1 0 0 0 0 1 1 1 1 0 0 1 1 0 1 1 1 0 0 1 0 0 1 1 1 0 1 0 1 1 1 1 1
0 0 1 0 1 1 1 1 0 0 0 1 0 0 1 0 1 1 0 0 0 0 0 1 1 1 1 0 1 0 1 1 0 0 1 1 0 1 1 0 0 0 0 0 1 0 1 0 0 1 1 1 0 0 1 0 0 0 1 1 1 0 0 0 0 1 1 1 1 0 1 0 0 1 0 1 0 1 0 0 1 1 0 1 0 1 1 0 0 1 0 1 1 0 1 1 1 0 0 0
0 1 0 1 1 0 0 1 1 1 1 1 0 0 0 1 0 1 1 1 0 0 1 1 0 1 0 1 0 0 1 1 1 1 1 1 1 1 1 0 1 1 0 1 0 0 0 0 0 0 0 1 1 0 1 1 0 1 0 1 1 1 1 1 0 0 0 1 0 0 1 0 0 1 0 0 0 1 0 0 1 0 1 0 1 0 1 1 0 1 0 0 0 1 1 1 1 0 1 0
1 1 0 0 0 1 1 0 0 1 0 1 1 0 0 1 0 0 0 0 1 1 1 0 0 1 1 1 1 0 1 0 1 0 1 1 1 1 1 1 0 1 1 0 1 1 0 0 1 1 0 0 1 0 1 1 1 0 1 1 0 0 1 0 1 1 0 0 0 0 1 1 0 1 1 1 1 0 0 0 1 0 0 1 0 0 1 1 1 1 1 1 1 0 0 0 0 1 0 1
0 0 1 0 0 0 1 1 1 1 1 1 1 1 0 0 0 0 0 0 0 0 0 0 1 0 0 1 0 0 1 1 0 1 1 0 0 0 0 1 1 1 0 1 0 0 1 1 0 1 0 0 1 1 1 1 0 1 1 1 1 0 0 0 1 1 0 1 1 1 0 1 1 1 1 0 0 1 0 1 1 1 0 0 1 1 0 1 1 1 1 1 0 0 1 0 1 0 0 0
0 1 0 1 1 1 0 0 0 0 1 1 1 0 0 0 0 1 1 0 0 0 0 1 1 1 1 0 1 0 0 0 1 1 0 0 0 0 0 0 0 0 1 0 1 1 1 0 0 1 1 0 0 0 1 1 0 0 1 1 1 0 0 1 1 1 1 0 0 1 0 0 1 1 1 1 1 0 1 0 0 0 0 1 1 1 0 1 0 1 0 0 0 1 1 1 1 1 1 0
1 0 1 1 0 1 1 1 0 1 0 0 1 1 0 1 0 0 1 1 0 0 0 1 0 1 1 0 0 1 1 1 0 0 0 1 1 0 1 1 0 0 1 1 1 0 1 0 0 1 0 1 1 0 0 1 1 0 0 0 1 0 1 0 1 0 1 1 1 1 1 1 1 1 1 0 0 0 1 1 0 0 0 1 1 0 0 1 0 1 0 0 1 1 0 0 0 1 1 1
1 1 1 0 0 0 1 0 1 1 0 0 1 0 0 1 0 0 1 1 1 1 1 1 1 0 0 1 1 1 0 1 0 1 1 0 1 1 0 1 1 0 0 0 1 0 0 0 0 0 1 0 0 0 0 1 0 0 1 0 1 1 0 1 0 1 1 0 1 0 1 1 1 0 0 0 0 1 0 0 1 0 0 1 1 0 0 1 0 0 0 1 1 0 1 0 1 1 1 1
0 0 0 0 0 1 1 0 1 0 1 1 1 0 1 0 1 0 0 1 0 0 0 1 1 1 0 0 0 1 0 0 1 1 0 0 1 1 0 0 0 1 1 1 1 1 0 1 0 0 0 1 0 1 0 0 1 1 0 1 1 1 1 1 0 1 1 0 1 1 0 0 0 1 0 0 0 1 1 1 0 0 0 1 0 1 1 1 1 0 0 0 1 1 0 1 0 0 0 1
1 0 0 1 0 0 1 1 0 1 1 0 0 0 1 0 1 1 0 0 0 0 0 0 0 1 0 1 0 0 1 1 0 1 0 1 1 1 1 0 1 1 1 0 0 0 1 1 1 1 0 1 0 1 0 0 0 1 0 0 0 0 1 1 0 0 0 1 1 0 1 1 0 0 1 0 1 0 1 0 0 1 0 1 0 0 0 0 1 1 0 0 0 1 0 1 1 0 0 0
0 1 1 1 0 1 0 0 1 1 1 1 0 1 0 1 1 0 0 0 0 0 0 0 1 1 1 1 1 0 0 0 0 0 0 1 1 1 1 0 0 1 1 1 1 1 0 0 0 0 0 1 1 0 0 0 0 1 0 1 1 1 1 1 1 1 0 0 1 0 1 0 0 0 0 1 0 0 1 1 1 0 1 0 0 1 0 0 1 0 0 0 1 1 0 1 0 0 0 0
1 0 0 1 0 1 0 0 0 0 0 1 0 0 0 1 0 1 0 1 1 0 1 1 0 1 0 0 0 0 0 0 1 1 1 1 0 0 0 1 0 1 0 0 1 0 1 0 0 1 0 0 1 1 1 1 0 1 1 1 1 1 1 1 0 0 0 0 1 0 1 0 1 1 1 0 1 1 0 0 0 1 1 1 0 0 1 1 1 1 1 1 1 1 1 1 1 1 0 0
1 0 1 0 1 0 1 0 1 0 0 0 0 1 0 0 1 0 1 1 1 1 0 0 1 0 1 1 1 1 1 0 1 0 1 0 0 0 1 0 1 1 1 0 1 0 1 1 0 1 1 0 1 0 0 1 0 1 1 1 0 1 1 1 1 1 0 0 0 0 1 1 1 0 1 0 1 0 1 0 1 1 1 0 0 0 0 0 1 0 0 0 0 1 1 0 0 1 0 1
0 1 0 0 1 1 1 0 0 0 1 1 0 1 0 0 0 1 1 1 0 1 0 1 1 0 0 0 1 0 1 0 1 1 1 1 0 0 1 1 1 1 1 0 1 0 0 1 1 1 0 0 1 0 0 0 1 1 0 0 1 1 0 1 0 0 1 1 1 0 1 0 0 1 0 0 1 1 1 1 0 1 0 0 1 0 0 1 1 1 1 0 0 0 1 0 1 1 0 0
0 0 0 1 0 1 0 0 0 1 0 1 1 0 0 0 0 1 0 0 1 1 1 0 0 0 1 0 0 1 0 0 0 0 1 0 0 1 0 0 0 0 0 0 0 1 0 1 1 0 0 1 1 0 0 0 0 1 1 0 0 1 1 0 1 0 1 0 0 1 1 0 0 0 1 1 1 0 0 1 0 1 1 0 1 0 1 1 0 1 0 1 1 0 0 0 0 0 1 0
1 0 0 0 0 1 1 1 0 0 1 0 0 0 1 1 0 1 1 0 1 1 0 0 1 1 0 0 0 0 0 1 1 0 1 0 0 1 0 0 0 0 0 0 0 0 0 0 0 1 1 1 0 0 0 1 0 0 1 1 1 0 1 1 0 1 1 1 0 1 1 1 1 0 1 0 1 1 0 1 0 0 1 1 1 1 1 1 1 1 0 1 0 1 0 0 0 0 0 1
1 1 1 1 1 1 1 1 0 1 0 0 1 0 0 1 1 1 1 1 0 1 1 0 0 1 0 1 0 0 1 1 0 1 0 0 0 0 0 1 1 0 0 1 0 1 1 1 1 1 1 0 0 1 0 1 0 1 1 0 0 1 0 0 0 1 1 1 1 0 0 1 0 0 0 1 0 0 1 0 0 0 0 0 0 1 1 1 0 0 0 1 0 1 0 1 0 1 0 0
1 1 0 0 0 1 0 0 0 0 0 1 1 1 1 1 1 1 1 1 1 0 1 1 1 0 1 1 0 0 1 1 0 0 0 1 0 1 1 1 1 0 0 1 0 1 0 1 1 0 1 1 0 1 1 1 0 1 1 0 0 0 0 1 0 1 1 0 1 0 1 0 0 0 0 0 0 1 0 0 1 1 1 0 1 1 0 0 1 0 1 0 0 1 1 1 1 0 0 1
0 1 0 0 0 1 0 0 1 0 1 1 0 1 0 0 1 1 1 1 0 0 0 1 0 1 1 0 1 0 1 1 0 1 0 0 1 1 0 1 1 0 1 1 1 0 1 0 0 0 0 0 1 1 1 0 0 1 1 1 1 1 1 1 0 1 1 0 1 0 0 1 0 1 1 0 0 1 1 1 0 0 0 0 0 1 0 0 1 1 0 0 0 1 1 0 0 0 1 1
0 1 0 0 0 0 1 1 1 0 1 0 1 1 1 1 1 0 0 0 0 0 1 0 0 1 1 0 0 1 1 1 1 0 0 1 0 0 1 0 1 1 0 0 0 0 0 0 0 1 1 0 0 0 0 0 0 1 0 0 0 1 1 0 1 0 0 1 0 1 1 0 1 1 1 0 0 0 0 0 0 0 1 0 0 0 1 1 0 1 0 1 1 1 0 1 1 0 1 1
0 0 0 1 0 1 0 1 0 1 1 1 0 0 0 1 0 0 1 0 1 0 1 1 1 0 0 1 0 0 1 0 1 0 0 0 1 1 0 1 1 1 0 0 0 1 1 0 1 1 1 0 1 0 0 0 0 1 1 0 1 0 1 1 0 1 1 1 1 1 1 0 1 0 1 1 1 0 0 0 0 0 0 0 0 1 1 0 1 0 1 1 0 1 0 0 0 1 1 0
0 1 0 0 0 0 1 0 1 0 1 1 1 0 1 0 1 0 0 1 1 1 1 1 0 0 1 0 1 0 1 1 0 1 0 1 1 1 1 0 0 1 0 1 1 0 0 1 1 0 0 0 1 0 1 0 0 1 0 1 1 1 1 1 1 0 1 0 1 1 0 0 1 1 0 1 0 0 0 1 0 0 1 1 1 0 0 0 1 1 0 1 1 1 0 1 1 1 0 0
0 0 0 0 1 0 0 0 1 1 0 1 1 1 1 1 0 1 0 0 0 0 1 0 1 0 1 0 1 0 0 0 0 0 0 0 1 0 1 0 0 1 0 0 0 0 1 1 1 0 0 1 1 1 0 1 0 1 0 1 1 1 1 1 0 1 0 0 0 0 0 1 0 1 1 1 0 1 0 1 1 1 1 1 0 0 0 0 1 1 1 1 0 1 0 1 0 0 0 0
0 0 0 1 0 0 1 1 1 0 0 0 0 0 1 1 1 1 1 0 1 0 1 1 0 0 1 0 1 0 0 0 1 1 0 0 1 1 1 1 1 0 0 0 0 0 0 1 1 1 0 1 1 0 0 0 0 0 1 0 0 1 0 1 0 0 0 0 0 1 1 1 0 1 0 1 1 1 0 0 1 0 1 0 1 0 0 1 1 0 1 0 1 1 0 1 0 1 0 1
1 0 1 0 1 0 1 0 0 0 1 0 1 0 1 0 0 1 0 0 0 0 1 0 1 1 0 0 0 0 1 1 0 0 0 0 0 0 0 1 0 0 0 0 1 0 0 0 1 1 0 1 1 1 0 0 0 1 0 0 0 0 1 0 1 0 0 0 0 0 1 1 0 1 1 0 1 0 1 0 0 0 0 1 1 0 1 0 1 0 0 0 0 1 1 0 1 0 1 1
1 0 1 1 1 1 0 0 0 0 1 0 1 1 1 0 0 1 1 0 0 1 0 0 1 1 1 1 1 1 1 1 0 0 1 1 1 1 0 1 0 1 0 0 0 1 0 0 0 1 1 0 0 0 1 1 0 1 1 0 1 0 0 0 0 0 0 0 1 0 1 1 0 0 0 1 0 0 0 1 0 0 0 0 0 1 0 0 1 0 1 1 1 1 1 0 1 0 0 0
0 0 0 0 1 1 1 1 1 0 1 0 1 0 1 0 0 1 0 0 1 0 0 1 1 1 1 1 0 0 1 1 0 1 0 0 0 1 1 0 0 1 0 0 0 0 0 1 0 0 0 0 1 0 0 1 0 0 1 0 1 0 1 1 1 0 1 1 1 0 0 1 1 0 0 0 1 1 0 1 0 0 1 0 0 0 0 0 0 1 1 0 1 1 1 1 0 1 0 0
0 0 1 0 0 0 1 0 1 0 1 1 0 1 0 0 1 1 1 0 0 0 1 1 1 1 1 0 0 1 0 1 1 1 1 0 1 1 1 1 0 1 1 1 0 0 0 0 0 0 1 1 0 1 0 0 1 1 0 1 1 1 1 0 0 0 0 1 1 0 1 1 0 1 1 1 0 1 0 1 1 0 0 1 0 0 1 0 1 0 1 1 1 0 0 0 0 1 1 1
0 0 0 0 1 1 0 1 1 1 0 1 0 0 0 1 1 1 0 0 1 1 1 1 0 1 1 1 0 0 0 0 1 1 0 0 1 0 1 1 0 1 1 0 1 0 1 0 0 0 0 1 0 1 0 1 0 0 0 1 1 0 1 1 0 1 1 1 1 1 1 1 1 0 0 1 1 1 0 0 1 1 1 1 1 0 0 0 0 0 1 0 1 0 1 0 1 1 0 0
1 1 0 0 1 0 1 1 1 1 0 1 0 1 1 1 1 1 0 0 1 0 0 0 0 1 1 1 0 1 0 1 0 1 0 1 0 1 0 1 1 0 1 0 0 0 0 1 1 0 1 0 0 0 0 1 0 0 0 0 1 0 0 1 1 0 0 0 1 0 0 1 1 0 1 0 0 0 0 0 1 0 0 0 1 1 0 0 0 1 1 0 1 0 1 0 1 0 1 0
0 1 1 1 1 0 0 1 0 0 0 0 1 1 1 0 0 1 0 0 0 0 0 0 1 0 0 0 1 0 0 0 0 1 1 1 0 0 1 1 1 1 1 1 0 1 0 0 1 1 0 1 0 0 1 1 1 1 1 1 0 1 1 0 1 1 0 1 0 0 1 1 1 1 1 0 0 0 1 1 0 1 0 0 0 1 1 0 1 0 0 1 0 1 0 1 1 0 0 1
1 0 0 0 1 0 1 1 1 1 0 0 0 1 1 0 1 1 0 0 1 0 1 1 0 0 1 0 0 1 1 0 1 0 0 1 0 0 1 0 1 1 1 1 1 1 0 1 1 0 1 1 1 1 0 1 0 0 0 0 0 0 0 1 1 0 0 0 0 1 0 0 1 0 0 0 1 0 1 1 1 1 0 0 1 0 0 1 0 1 1 0 0 1 1 1 1 1 0 0
1 1 0 1 0 0 0 0 1 0 0 0 0 1 1 0 1 0 1 0 1 1 1 0 0 0 0 1 1 1 0 1 0 0 1 1 0 1 0 0 1 0 0 0 0 1 0 1 0 1 1 1 1 0 0 1 1 0 0 1 1 1 0 1 1 1 0 0 1 1 0 1 0 1 0 1 1 1 0 0 0 0 0 0 0 0 1 0 0 0 1 0 1 1 1 0 0 1 1 0
0 0 1 1 1 0 0 0 1 1 0 0 1 0 0 0 1 1 0 0 1 1 1 0 0 1 0 0 0 1 1 0 1 0 1 0 0 0 1 0 0 0 0 0 1 1 1 1 1 1 1 1 1 1 0 1 1 1 1 0 1 0 0 1 0 0 1 1 0 0 1 1 0 0 0 1 0 1 1 0 1 1 1 1 1 1 1 0 0 1 0 1 1 1 1 0 0 1 0 1
0 1 0 1 1 1 0 1 0 1 0 0 1 0 0 1 1 0 1 1 0 0 1 0 1 1 0 0 1 0 0 1 0 1 0 0 1 1 0 1 1 1 0 1 1 1 0 1 1 0 0 1 0 1 0 1 1 0 1 1 0 1 1 0 0 1 1 1 1 1 1 1 1 1 1 0 0 1 0 0 1 0 1 0 1 0 1 0 1 0 1 1 0 0 0 1 0 1 0 1
1 1 0 0 0 0 0 1 0 0 0 1 1 0 1 0 0 0 0 0 0 0 0 0 0 1 0 1 1 0 0 1 1 1 0 0 1 1 0 1 0 0 0 0 0 0 0 1 1 1 1 0 1 1 1 1 1 0 1 1 1 0 0 1 1 0 1 0 1 0 1 0 1 0 1 1 1 0 0 1 0 1 1 0 0 0 1 1 1 0 1 1 1 0 1 1 1 0 1 0
1 1 1 0 0 0 0 0 0 0 1 1 1 0 0 0 0 1 1 0 0 1 0 0 0 1 1 0 0 1 0 1 1 0 0 0 1 1 1 1 0 0 0 1 0 0 0 0 0 0 0 0 1 1 0 1 0 1 0 0 1 1 1 0 0 1 1 1 0 0 0 1 0 0 1 0 0 1 0 0 1 1 1 1 0 0 1 0 0 1 1 0 0 1 1 0 0 1 1 1
2000
0 13 22 10 1
26 70
1 22 49 10 1
63 4
2 40 45 10 2
4 26
38 47
3 6 36 10 1
34 5
4 3 32 10 2
55 61
38 29
5 4 2 10 2
87 87
94 2
6 31 4 10 2
16 55
54 70
7 8 29 10 2
45 24
43 55
8 16 15 10 1
29 52
9 49 35 10 1
46 31
10 5 4 10 2
23 36
5 40
11 39 42 10 2
8 38
25 30
12 8 43 10 1
32 34
13 32 46 10 1
56 45
14 24 50 10 1
67 17
15 45 35 10 1
22 52
16 40 32 10 1
13 17
17 15 20 10 1
47 18
18 16 45 10 2
14 1
63 53
19 18 18 10 2
10 7
35 78
20 32 2 10 2
56 5
28 26
21 12 43 10 1
84 19
22 35 49 10 1
43 16
23 14 49 10 2
79 27
54 50
24 48 49 10 1
35 24
25 44 19 10 2
36 72
49 66
26 11 25 10 1
16 1
27 44 18 10 1
49 69
28 22 37 10 1
78 35
29 18 43 10 1
15 19
30 43 21 10 1
28 59
31 29 1 10 1
45 61
32 36 14 10 1
10 35
33 36 21 10 2
23 33
35 33
34 9 15 10 1
79 83
35 15 8 10 1
64 56
36 21 3 10 1
33 32
37 44 23 10 1
22 13
38 33 29 10 1
30 26
39 37 24 10 1
54 36
40 2 21 10 2
52 47
60 37
41 2 11 10 1
37 19
42 2 7 10 2
65 91
94 65
43 46 23 10 2
53 74
2 19
44 49 42 10 1
14 36
45 37 41 10 1
6 38
46 43 34 10 2
17 24
53 37
47 22 16 10 1
58 40
48 8 45 10 2
52 23
10 22
49 33 5 10 2
29 57
53 29
50 9 35 10 2
86 17
77 33
51 22 21 10 1
52 53
52 10 37 10 1
23 58
53 11 8 10 2
70 91
60 12
54 3 28 10 1
9 16
55 34 25 10 2
16 51
30 37
56 22 22 10 1
9 45
57 27 41 10 2
37 48
61 44
58 47 12 10 1
0 75
59 24 44 10 2
41 28
22 32
60 38 18 10 1
19 63
61 4 37 10 2
41 49
40 22
62 3 48 10 2
66 17
73 39
63 7 23 10 1
15 36
64 32 29 10 1
36 33
65 49 7 10 2
9 12
13 70
66 49 11 10 1
34 68
67 1 32 10 2
26 36
73 54
68 29 34 10 2
37 14
15 56
69 32 17 10 1
35 14
70 6 48 10 1
41 10
71 22 18 10 1
40 4
72 7 46 10 1
71 42
73 3 41 10 1
17 37
74 15 44 10 2
60 9
62 52
75 47 32 10 1
12 11
76 47 48 10 1
27 4
77 36 40 10 1
4 26
78 17 40 10 1
81 22
79 34 43 10 2
29 56
37 42
80 32 41 10 2
61 18
12 14
81 49 49 10 2
28 20
15 42
82 8 12 10 2
84 14
44 50
83 9 50 10 2
76 26
87 15
84 19 18 10 2
7 71
41 33
85 21 27 10 2
54 51
33 6
86 32 47 10 2
5 19
57 26
87 37 11 10 1
42 16
88 35 2 10 2
11 90
42 45
89 5 42 10 1
46 34
90 11 35 10 1
37 20
91 22 27 10 1
1 4
92 49 34 10 2
50 62
2 20
93 20 2 10 1
4 34
94 8 25 10 1
34 10
95 5 33 10 1
1 19
96 48 38 10 1
38 54
97 21 28 10 2
35 58
25 12
98 42 37 10 2
18 54
5 28
99 36 18 10 2
64 31
48 2
100 47 26 10 1
28 28
101 2 26 10 2
47 61
72 13
102 20 22 10 1
12 71
103 14 32 10 1
18 51
104 31 34 10 1
63 32
105 20 48 10 1
4 20
106 37 39 10 1
34 44
107 49 36 10 2
20 30
20 59
108 31 33 10 1
54 9
109 9 49 10 1
66 47
110 11 13 10 1
4 54
111 11 41 10 1
70 26
112 1 19 10 2
37 34
66 41
113 24 37 10 1
37 26
114 46 24 10 2
29 26
21 17
115 34 46 10 1
40 26
116 10 31 10 1
39 24
117 45 7 10 2
6 7
39 59
118 11 5 10 1
44 80
119 13 18 10 2
74 39
47 79
120 17 36 10 1
75 19
121 47 14 10 1
16 72
122 9 34 10 2
73 35
78 60
123 11 1 10 1
11 78
124 10 11 10 1
41 9
125 9 33 10 2
85 60
41 38
126 49 8 10 2
24 49
45 60
127 20 34 10 1
77 27
128 41 18 10 2
35 56
31 32
129 8 36 10 2
22 3
46 59
130 23 47 10 1
71 12
131 24 12 10 1
56 46
132 13 1 10 2
12 47
32 64
133 39 18 10 2
41 61
25 5
134 46 17 10 1
36 3
135 31 39 10 2
22 30
69 51
136 3 24 10 1
90 22
137 6 27 10 1
56 7
138 7 35 10 1
83 2
139 44 21 10 2
33 1
42 51
140 43 43 10 1
12 52
141 10 47 10 1
22 28
142 18 39 10 2
22 40
0 19
143 36 23 10 2
59 72
11 72
144 6 8 10 1
93 11
145 21 38 10 1
1 13
146 24 30 10 1
39 24
147 49 48 10 2
3 24
45 18
148 18 9 10 2
28 24
34 25
149 19 17 10 2
11 62
45 74
150 23 50 10 1
4 37
151 10 35 10 2
44 36
26 43
152 33 36 10 1
65 26
153 14 30 10 1
14 66
154 41 12 10 1
29 75
155 24 37 10 1
41 13
156 23 1 10 2
60 42
43 82
157 12 23 10 1
59 69
158 49 2 10 2
37 73
44 55
159 26 31 10 2
47 43
61 51
160 3 15 10 2
54 34
73 51
161 2 11 10 2
76 89
67 25
162 49 9 10 2
50 6
5 39
163 23 30 10 1
58 0
164 10 13 10 2
39 10
23 30
165 28 6 10 1
71 47
166 31 11 10 1
60 70
167 26 45 10 2
48 53
59 45
168 49 7 10 1
20 17
169 50 21 10 2
38 50
34 9
170 32 43 10 1
22 49
171 24 24 10 1
76 50
172 42 15 10 2
12 5
13 38
173 6 22 10 1
54 19
174 20 25 10 1
33 53
175 11 26 10 2
10 44
87 12
176 26 1 10 2
16 73
64 49
177 30 1 10 2
54 98
6 38
178 17 48 10 2
64 23
60 45
179 35 24 10 1
54 68
180 44 6 10 1
21 90
181 17 13 10 2
6 59
36 5
182 32 30 10 1
47 32
183 22 44 10 1
69 17
184 19 23 10 1
57 41
185 41 3 10 2
46 4
34 94
186 16 12 10 1
16 18
187 32 28 10 2
58 31
67 72
188 3 5 10 2
4 18
77 92
189 7 25 10 2
81 38
54 51
190 12 48 10 1
55 7
191 37 17 10 1
6 47
192 31 14 10 2
23 35
64 85
193 39 26 10 2
17 0
26 26
194 27 43 10 2
34 29
40 6
195 15 2 10 1
8 78
196 47 46 10 2
40 38
21 34
197 31 36 10 2
43 40
44 56
198 30 48 10 1
68 44
199 44 25 10 2
2 73
5 62
200 23 6 10 2
38 37
40 57
201 30 2 10 1
45 72
202 27 49 10 2
71 47
62 15
203 35 9 10 1
12 50
204 14 8 10 1
20 51
205 27 23 10 2
35 40
46 13
206 44 41 10 2
14 54
25 31
207 19 29 10 1
51 36
208 35 22 10 1
12 49
209 42 27 10 2
12 3
39 28
210 40 40 10 2
60 1
20 39
211 11 37 10 1
47 2
212 39 42 10 1
54 58
213 30 24 10 1
60 25
214 9 19 10 1
26 73
215 30 16 10 1
22 59
216 42 8 10 1
15 59
217 5 1 10 2
66 60
49 9
218 17 46 10 1
56 30
219 4 19 10 1
46 51
220 33 41 10 2
15 6
18 54
221 49 38 10 1
23 26
222 22 10 10 2
26 33
12 42
223 45 5 10 2
48 31
48 33
224 19 45 10 2
57 44
33 36
225 39 3 10 1
33 36
226 15 24 10 2
39 20
72 39
227 46 29 10 1
47 16
228 39 19 10 2
40 29
1 27
229 20 10 10 2
46 65
66 51
230 40 11 10 1
37 64
231 34 24 10 2
21 67
61 22
232 25 1 10 2
28 39
26 28
233 18 39 10 1
45 31
234 37 41 10 1
25 23
235 3 26 10 2
64 8
34 70
236 48 35 10 1
28 31
237 17 48 10 1
29 44
238 30 12 10 2
70 35
11 24
239 5 9 10 1
26 29
240 38 49 10 2
6 34
56 50
241 21 41 10 1
61 7
242 6 31 10 1
69 27
243 32 20 10 2
14 56
24 75
244 40 49 10 1
16 48
245 39 18 10 1
21 64
246 33 19 10 2
31 43
35 71
247 20 41 10 1
23 31
248 21 33 10 2
20 22
8 55
249 20 7 10 2
68 23
24 13
250 14 20 10 2
67 60
13 38
251 14 37 10 2
20 24
50 21
252 40 43 10 2
33 30
41 38
253 50 47 10 1
16 30
254 24 10 10 2
45 40
57 39
255 37 26 10 1
51 7
256 23 42 10 2
35 1
25 13
257 46 17 10 2
1 41
27 48
258 36 36 10 1
64 56
259 7 5 10 1
41 92
260 47 38 10 1
49 42
261 45 46 10 1
17 38
262 25 4 10 1
43 35
263 24 29 10 1
60 17
264 5 21 10 1
19 75
265 37 13 10 2
31 41
33 71
266 19 45 10 1
8 55
267 46 48 10 2
49 28
47 13
268 21 30 10 2
46 42
25 33
269 39 48 10 1
7 41
270 28 26 10 1
67 7
271 24 2 10 1
64 41
272 32 19 10 1
9 72
273 36 50 10 1
11 36
274 40 42 10 1
49 43
275 18 30 10 1
42 9
276 42 37 10 2
33 55
56 2
277 37 19 10 2
2 1
28 41
278 10 17 10 2
68 58
83 25
279 23 46 10 1
18 13
280 12 7 10 1
16 69
281 5 21 10 1
84 26
282 20 11 10 2
29 27
45 3
283 29 8 10 1
56 26
284 4 29 10 2
25 26
48 15
285 12 33 10 1
26 15
286 48 39 10 2
26 12
13 5
287 24 31 10 1
58 2
288 25 27 10 1
45 46
289 5 28 10 1
89 10
290 42 25 10 1
17 41
291 10 16 10 1
16 66
292 9 45 10 1
7 38
293 48 43 10 2
39 26
52 10
294 12 12 10 1
46 14
295 2 32 10 2
51 47
33 41
296 2 22 10 2
4 18
52 5
297 25 49 10 1
12 0
298 15 6 10 1
14 60
299 27 35 10 1
0 39
300 31 17 10 2
69 46
12 61
301 48 37 10 1
14 16
302 15 43 10 1
51 18
303 7 16 10 2
23 84
38 42
304 30 43 10 1
41 27
305 43 10 10 2
40 6
50 25
306 1 10 10 1
20 50
307 1 37 10 2
44 24
80 51
308 14 30 10 2
15 35
83 65
309 22 12 10 2
62 70
58 84
310 43 22 10 1
50 46
311 42 2 10 1
14 58
312 8 36 10 1
44 39
313 28 36 10 1
50 24
314 44 15 10 1
46 45
315 39 50 10 1
51 34
316 35 15 10 2
20 12
21 81
317 40 15 10 2
54 25
17 6
318 19 25 10 2
59 41
17 38
319 5 17 10 1
93 78
320 5 4 10 1
18 61
321 49 16 10 1
41 53
322 38 13 10 2
4 28
61 35
323 26 8 10 1
56 18
324 18 49 10 1
81 7
325 20 34 10 2
29 56
38 15
326 48 40 10 1
4 56
327 22 18 10 2
32 14
59 54
328 11 46 10 2
28 33
13 5
329 39 39 10 1
55 54
330 32 45 10 2
7 40
13 55
331 47 47 10 2
40 32
21 26
332 17 23 10 1
12 62
333 38 32 10 2
42 34
6 62
334 39 37 10 2
2 13
37 12
335 7 8 10 2
74 86
90 77
336 26 46 10 2
56 54
58 36
337 3 26 10 1
27 72
338 2 41 10 1
37 58
339 2 47 10 2
45 52
87 22
340 16 18 10 1
41 58
341 41 17 10 1
35 70
342 21 48 10 2
22 31
11 21
343 40 35 10 2
53 39
6 11
344 26 21 10 1
48 25
345 46 32 10 2
51 56
23 20
346 21 2 10 1
74 39
347 45 42 10 1
25 39
348 5 13 10 1
91 76
349 26 17 10 2
68 45
50 17
350 7 48 10 1
41 14
351 3 16 10 2
3 63
28 28
352 15 29 10 1
1 37
353 2 40 10 2
53 35
70 36
354 27 12 10 2
33 46
33 55
355 24 16 10 2
9 17
41 31
356 38 9 10 2
34 40
6 77
357 47 23 10 2
17 73
53 6
358 40 29 10 2
4 21
1 71
359 36 42 10 2
61 55
18 4
360 23 5 10 2
3 91
76 62
361 46 49 10 2
13 42
28 19
362 45 44 10 2
14 36
51 56
363 27 10 10 1
6 45
364 8 50 10 1
67 26
365 11 47 10 1
76 49
366 12 2 10 1
42 11
367 26 37 10 2
48 60
17 43
368 7 20 10 1
90 55
369 32 6 10 2
51 25
29 44
370 41 6 10 2
48 12
33 32
371 39 4 10 2
6 21
0 67
372 1 21 10 2
3 72
72 47
373 12 13 10 1
68 27
374 7 44 10 2
73 11
56 45
375 33 10 10 1
4 68
376 20 19 10 2
23 75
66 21
377 32 13 10 2
58 84
49 57
378 43 36 10 2
15 46
9 30
379 13 26 10 2
7 61
84 12
380 6 43 10 2
69 41
25 18
381 9 29 10 2
80 54
51 55
382 6 32 10 2
13 41
71 61
383 25 20 10 2
7 67
5 24
384 20 38 10 2
6 34
3 3
385 25 13 10 1
55 65
386 12 33 10 1
27 12
387 12 15 10 1
26 63
388 37 41 10 1
48 13
389 8 19 10 1
84 42
390 25 15 10 2
5 19
18 76
391 40 43 10 2
43 36
45 55
392 20 14 10 2
1 53
52 48
393 13 50 10 2
76 0
80 44
394 3 45 10 1
84 44
395 5 41 10 1
20 57
396 5 12 10 1
94 32
397 46 45 10 2
34 18
18 54
398 17 7 10 2
25 11
71 63
399 9 34 10 2
61 13
14 29
400 25 12 10 1
30 55
401 24 29 10 2
76 5
64 24
402 47 21 10 1
9 43
403 12 23 10 1
82 7
404 25 10 10 1
28 23
405 13 22 10 1
56 8
406 39 34 10 1
9 40
407 8 44 10 2
66 34
2 39
408 11 47 10 2
4 9
13 43
409 1 25 10 1
49 72
410 15 49 10 1
2 41
411 37 42 10 2
49 28
30 43
412 40 17 10 2
30 19
29 68
413 15 10 10 1
49 32
414 24 48 10 2
38 9
5 29
415 46 35 10 2
8 45
13 51
416 27 30 10 2
49 59
46 43
417 43 26 10 1
15 27
418 13 37 10 2
59 52
47 39
419 26 10 10 1
69 83
420 20 50 10 1
25 13
421 36 11 10 2
23 56
3 88
422 25 37 10 2
72 19
51 25
423 27 21 10 1
16 62
424 40 49 10 1
50 4
425 2 1 10 2
11 40
45 25
426 10 14 10 1
46 79
427 38 29 10 2
45 22
18 38
428 36 11 10 1
53 15
429 40 27 10 2
44 35
44 31
430 43 10 10 1
48 5
431 25 31 10 2
21 2
75 46
432 38 37 10 2
57 2
62 62
433 37 23 10 1
47 8
434 9 40 10 2
19 7
85 12
435 21 19 10 2
77 63
2 79
436 27 11 10 2
24 65
35 66
437 32 21 10 1
30 39
438 29 28 10 1
34 58
439 6 22 10 1
79 1
440 37 2 10 2
25 60
48 49
441 45 44 10 2
21 23
51 32
442 27 46 10 1
44 46
443 36 13 10 2
34 10
57 85
444 43 21 10 1
51 16
445 16 5 10 2
8 19
73 30
446 5 1 10 2
79 9
19 74
447 30 41 10 1
15 3
448 9 13 10 1
11 11
449 28 44 10 1
6 45
450 25 21 10 2
25 63
23 60
451 47 44 10 2
11 32
0 5
452 13 17 10 1
15 9
453 12 21 10 1
50 75
454 39 27 10 1
27 32
455 48 16 10 2
18 20
4 7
456 32 23 10 2
10 57
1 11
457 38 50 10 1
36 16
458 21 29 10 2
47 63
38 62
459 35 48 10 1
21 2
460 23 27 10 2
41 51
59 59
461 10 10 10 2
3 17
40 48
462 10 26 10 1
55 22
463 38 12 10 1
1 50
464 10 18 10 1
2 63
465 11 20 10 1
24 62
466 47 32 10 2
10 62
42 7
467 7 5 10 2
77 37
18 30
468 32 14 10 2
1 39
20 43
469 20 44 10 1
76 8
470 19 22 10 1
47 72
471 5 2 10 2
53 31
26 41
472 15 21 10 2
71 43
73 42
473 13 9 10 1
75 78
474 16 32 10 1
40 65
475 25 49 10 2
10 33
62 29
476 47 18 10 2
24 24
50 35
477 10 24 10 2
31 28
81 0
478 23 40 10 1
34 20
479 21 39 10 1
76 38
480 19 47 10 1
67 51
481 19 16 10 2
1 38
33 26
482 19 2 10 2
10 47
59 18
483 41 25 10 2
48 40
6 35
484 18 13 10 2
20 75
16 41
485 8 4 10 2
47 18
40 92
486 36 2 10 2
50 22
41 78
487 42 19 10 1
56 65
488 47 46 10 2
4 4
8 9
489 34 11 10 1
46 45
490 6 27 10 1
63 51
491 4 34 10 2
88 19
70 11
492 29 11 10 2
29 30
7 82
493 36 2 10 1
61 5
494 15 49 10 1
17 32
495 21 25 10 1
65 37
496 2 43 10 1
5 12
497 3 14 10 2
0 44
89 10
498 24 33 10 2
27 19
68 0
499 48 40 10 2
35 23
32 24
500 13 49 10 2
25 20
33 25
501 42 19 10 1
28 77
502 43 33 10 1
11 14
503 25 7 10 1
72 38
504 44 14 10 2
29 6
41 80
505 37 17 10 1
39 1
506 12 22 10 2
49 41
58 50
507 49 11 10 2
35 76
18 85
508 5 40 10 1
3 39
509 1 18 10 2
56 48
93 72
510 7 4 10 1
82 24
511 48 24 10 2
26 2
19 4
512 20 10 10 2
26 15
3 60
513 1 8 10 1
58 74
514 36 18 10 1
61 8
515 45 10 10 1
25 86
516 2 3 10 2
59 52
22 1
517 3 43 10 2
90 18
92 30
518 18 2 10 1
30 88
519 1 42 10 2
71 44
62 50
520 46 48 10 2
23 5
38 23
521 31 35 10 2
47 18
41 44
522 12 38 10 2
59 62
44 49
523 10 44 10 2
46 27
11 38
524 9 22 10 2
57 69
87 21
525 22 33 10 2
69 20
73 17
526 45 26 10 2
7 64
34 5
527 7 37 10 2
70 21
29 42
528 8 21 10 2
66 50
28 73
529 48 27 10 1
40 58
530 45 49 10 1
50 32
531 32 10 10 2
30 51
38 26
532 41 7 10 1
1 3
533 8 14 10 1
8 32
534 8 28 10 2
1 38
43 49
535 14 20 10 2
81 78
75 5
536 32 3 10 2
44 3
32 89
537 25 49 10 2
75 39
44 43
538 2 25 10 2
97 11
60 32
539 6 6 10 1
58 48
540 22 16 10 1
41 39
541 50 46 10 1
39 26
542 1 44 10 1
64 28
543 33 12 10 2
49 68
6 32
544 8 45 10 1
57 18
545 3 19 10 2
14 19
9 25
546 32 16 10 2
22 48
5 38
547 15 22 10 1
56 14
548 11 9 10 1
56 63
549 45 28 10 2
40 69
6 53
550 3 18 10 2
8 8
11 33
551 23 31 10 1
17 15
552 11 6 10 1
57 84
553 24 36 10 2
8 23
74 52
554 36 3 10 1
18 38
555 48 45 10 1
23 3
556 1 8 10 1
38 17
557 16 31 10 1
84 60
558 31 14 10 1
49 70
559 41 35 10 1
42 16
560 10 49 10 2
65 4
72 10
561 41 49 10 2
14 16
26 3
562 3 21 10 1
24 47
563 29 39 10 1
61 39
564 27 42 10 1
66 18
565 50 5 10 1
26 8
566 6 46 10 1
47 17
567 18 30 10 2
68 41
39 60
568 32 25 10 2
43 11
62 43
569 34 40 10 2
34 59
34 55
570 39 33 10 2
59 41
58 30
571 13 23 10 1
42 66
572 27 18 10 2
24 78
17 37
573 44 44 10 2
13 51
29 37
574 12 8 10 1
26 76
575 22 12 10 2
31 50
61 34
576 30 35 10 1
32 9
577 8 25 10 1
8 24
578 32 30 10 2
25 34
6 54
579 32 39 10 2
55 24
40 7
580 12 8 10 1
5 8
581 7 36 10 1
12 54
582 3 43 10 1
14 21
583 47 18 10 2
15 29
14 79
584 37 49 10 2
30 9
2 35
585 21 49 10 1
49 13
586 40 2 10 1
36 94
587 18 32 10 1
31 52
588 16 30 10 1
28 35
589 1 16 10 2
74 76
49 57
590 15 7 10 2
56 56
19 49
591 49 25 10 2
13 62
27 67
592 21 2 10 2
56 77
26 47
593 46 5 10 1
50 51
594 14 21 10 2
35 31
37 29
595 39 31 10 1
41 8
596 46 2 10 2
23 48
1 62
597 47 29 10 1
27 32
598 15 18 10 2
61 20
21 28
599 42 34 10 1
24 46
600 49 15 10 1
5 78
601 36 4 10 1
32 57
602 19 10 10 2
23 29
52 39
603 34 5 10 1
6 73
604 48 12 10 2
27 21
15 2
605 39 46 10 1
49 6
606 12 35 10 2
70 47
22 19
607 12 16 10 2
21 34
65 2
608 33 4 10 1
21 6
609 10 9 10 2
73 35
59 31
610 12 46 10 1
20 40
611 49 3 10 2
8 0
18 58
612 32 44 10 2
67 29
66 22
613 37 46 10 2
52 10
63 8
614 14 5 10 2
14 77
52 48
615 20 24 10 2
62 25
2 27
616 50 41 10 2
37 50
48 47
617 42 20 10 1
9 2
618 29 17 10 2
59 59
47 26
619 9 27 10 1
18 12
620 24 4 10 2
49 83
55 9
621 19 23 10 1
61 8
622 22 13 10 1
1 12
623 48 46 10 1
1 32
624 41 34 10 1
28 51
625 40 30 10 2
18 47
3 66
626 8 29 10 2
65 4
85 70
627 48 37 10 1
52 48
628 43 46 10 2
9 9
48 12
629 40 25 10 2
14 5
2 38
630 9 13 10 1
53 19
631 36 37 10 1
0 8
632 3 17 10 1
28 59
633 44 32 10 1
42 58
634 40 47 10 2
16 36
35 35
635 22 41 10 1
75 33
636 18 39 10 1
2 27
637 18 22 10 2
51 6
75 38
638 7 10 10 1
31 59
639 7 45 10 2
51 26
72 21
640 6 16 10 2
84 8
40 7
641 26 28 10 2
60 3
42 47
642 20 16 10 2
50 75
27 51
643 16 19 10 1
43 20
644 21 38 10 1
12 5
645 48 1 10 2
31 11
50 89
646 10 4 10 2
22 4
17 37
647 44 44 10 1
2 10
648 22 7 10 1
5 78
649 13 11 10 2
13 34
75 37
650 34 5 10 1
8 59
651 17 11 10 2
77 28
36 4
652 22 43 10 2
57 22
65 19
653 42 46 10 2
51 15
50 54
654 43 21 10 1
29 19
655 10 3 10 1
75 15
656 7 29 10 1
92 9
657 50 22 10 1
45 61
658 27 8 10 1
60 83
659 24 11 10 1
44 8
660 3 17 10 1
63 59
661 26 46 10 2
17 52
41 47
662 28 43 10 1
0 55
663 17 27 10 2
42 18
5 17
664 33 39 10 2
25 46
23 26
665 50 1 10 2
39 47
21 0
666 31 50 10 1
18 21
667 43 48 10 2
56 33
37 39
668 13 28 10 2
75 70
37 68
669 3 19 10 1
52 75
670 5 31 10 2
77 29
40 28
671 17 20 10 1
74 32
672 17 1 10 1
28 57
673 26 1 10 1
9 35
674 35 27 10 2
6 63
27 68
675 36 19 10 1
49 71
676 22 12 10 1
54 10
677 42 16 10 1
6 16
678 47 17 10 2
42 32
26 20
679 14 47 10 2
12 48
36 19
680 45 36 10 1
9 15
681 16 5 10 1
14 57
682 8 33 10 1
61 35
683 23 6 10 1
49 24
684 17 47 10 1
8 10
685 22 11 10 2
44 3
43 49
686 7 33 10 1
21 24
687 41 31 10 1
53 63
688 50 30 10 2
41 47
12 5
689 29 13 10 2
2 85
47 83
690 27 48 10 2
59 5
17 6
691 34 36 10 1
60 63
692 36 47 10 1
4 50
693 21 16 10 2
37 4
13 7
694 43 9 10 2
9 35
21 52
695 34 24 10 2
39 38
52 2
696 19 21 10 1
17 67
697 39 7 10 1
6 33
698 21 8 10 1
74 10
699 4 18 10 1
91 70
700 45 35 10 2
6 51
48 5
701 27 6 10 2
6 17
8 12
702 1 7 10 1
60 46
703 35 7 10 1
31 10
704 11 12 10 1
60 27
705 46 9 10 1
26 0
706 34 18 10 2
30 7
55 27
707 43 25 10 2
22 17
25 75
708 38 19 10 1
39 15
709 27 17 10 1
14 51
710 13 48 10 1
73 11
711 38 8 10 1
45 5
712 16 48 10 1
50 8
713 18 8 10 1
14 89
714 27 7 10 1
57 18
715 47 42 10 2
20 26
24 42
716 44 18 10 1
54 81
717 14 25 10 1
85 31
718 32 18 10 1
32 0
719 30 11 10 1
58 67
720 14 27 10 2
18 36
35 22
721 50 1 10 1
37 58
722 20 42 10 2
25 44
35 53
723 25 18 10 2
28 56
17 2
724 42 32 10 1
35 65
725 10 8 10 2
66 32
88 12
726 43 34 10 2
1 8
36 13
727 19 17 10 1
80 63
728 1 10 10 2
98 88
98 70
729 37 22 10 2
24 23
13 39
730 49 28 10 2
37 25
40 51
731 39 37 10 1
24 60
732 13 16 10 1
43 45
733 49 16 10 2
14 55
35 2
734 5 7 10 1
52 5
735 30 27 10 1
70 56
736 9 15 10 1
47 12
737 17 1 10 1
35 82
738 29 14 10 2
30 78
15 11
739 39 35 10 1
30 35
740 11 43 10 2
27 50
52 56
741 7 6 10 2
0 54
89 44
742 49 29 10 1
47 12
743 37 2 10 1
22 20
744 48 3 10 1
52 26
745 9 19 10 1
84 57
746 40 9 10 1
46 26
747 41 49 10 2
9 44
4 10
748 25 1 10 2
4 68
22 87
749 7 6 10 1
9 19
750 7 28 10 1
34 66
751 36 44 10 2
20 53
27 28
752 12 40 10 2
40 16
77 13
753 50 2 10 2
18 48
49 68
754 6 38 10 1
6 14
755 45 35 10 2
25 17
3 23
756 15 9 10 1
65 77
757 5 16 10 2
67 68
11 33
758 22 36 10 1
5 54
759 14 9 10 1
66 18
760 29 5 10 1
41 58
761 44 18 10 1
2 1
762 50 43 10 1
5 20
763 49 48 10 1
44 12
764 7 29 10 1
80 3
765 10 23 10 2
86 14
64 37
766 17 11 10 1
76 85
767 35 31 10 2
9 19
22 36
768 40 3 10 2
30 5
32 55
769 2 3 10 1
84 33
770 25 23 10 1
46 66
771 34 10 10 2
15 30
52 19
772 33 15 10 2
6 46
39 21
773 25 47 10 1
60 3
774 14 16 10 2
79 45
2 79
775 34 12 10 1
7 34
776 8 26 10 1
71 67
777 1 17 10 1
70 60
778 16 34 10 2
24 8
51 34
779 10 44 10 1
89 25
780 44 19 10 2
26 38
10 2
781 27 49 10 2
67 27
27 6
782 50 17 10 2
2 49
18 80
783 11 23 10 2
5 23
51 29
784 44 24 10 1
18 24
785 2 43 10 2
48 19
52 50
786 19 33 10 1
13 47
787 36 45 10 2
42 46
17 29
788 45 4 10 1
18 87
789 4 19 10 1
27 26
790 13 34 10 2
15 50
28 18
791 6 7 10 2
92 15
69 6
792 13 16 10 1
63 27
793 26 42 10 1
5 56
794 3 47 10 1
96 39
795 32 49 10 2
12 29
64 26
796 47 34 10 1
11 26
797 2 38 10 2
53 7
70 8
798 34 1 10 2
42 60
63 33
799 19 39 10 2
0 56
79 43
800 26 24 10 1
7 9
801 39 5 10 2
6 69
18 28
802 26 34 10 2
3 17
52 24
803 47 11 10 1
4 30
804 18 22 10 2
9 11
32 4
805 48 47 10 1
33 34
806 48 3 10 1
49 43
807 32 26 10 2
5 66
12 14
808 9 28 10 1
24 7
809 14 24 10 2
77 11
3 49
810 44 30 10 2
47 27
6 22
811 17 22 10 1
55 65
812 12 28 10 2
80 62
54 71
813 10 40 10 2
37 47
5 7
814 20 36 10 2
24 43
38 30
815 43 36 10 2
2 27
14 47
816 47 8 10 1
42 47
817 45 45 10 1
32 23
818 38 46 10 2
18 36
11 1
819 29 17 10 2
53 79
48 37
820 42 39 10 1
56 33
821 10 35 10 2
81 31
18 42
822 7 19 10 2
72 79
24 22
823 7 12 10 2
18 55
51 72
824 4 27 10 2
19 50
81 15
825 49 27 10 2
11 27
19 71
826 15 34 10 2
85 46
83 31
827 9 43 10 2
0 57
44 26
828 8 10 10 2
3 70
18 51
829 49 23 10 2
42 34
5 70
830 37 25 10 2
9 27
1 71
831 28 7 10 1
67 40
832 22 49 10 2
24 49
34 25
833 10 16 10 2
80 5
3 21
834 49 15 10 1
42 65
835 39 26 10 1
3 14
836 33 13 10 1
24 78
837 2 4 10 2
67 7
78 82
838 6 19 10 2
6 58
52 22
839 34 13 10 2
18 6
47 28
840 18 18 10 2
56 56
76 36
841 11 4 10 1
51 52
842 9 39 10 2
2 35
11 47
843 47 41 10 2
3 10
36 44
844 5 50 10 1
50 33
845 35 17 10 1
25 25
846 15 6 10 2
45 91
21 25
847 26 7 10 1
59 1
848 11 44 10 1
77 10
849 25 8 10 2
30 65
40 16
850 32 35 10 2
15 24
27 57
851 43 35 10 2
16 6
46 21
852 21 4 10 2
37 65
5 12
853 18 19 10 1
57 26
854 17 7 10 2
68 13
18 59
855 32 43 10 1
9 0
856 41 6 10 1
6 80
857 17 34 10 1
73 43
858 32 47 10 1
54 52
859 35 16 10 1
40 52
860 22 15 10 1
63 75
861 47 41 10 2
43 59
7 29
862 45 4 10 2
15 51
33 18
863 24 49 10 2
69 9
10 42
864 12 15 10 2
86 20
11 50
865 43 24 10 2
34 57
6 33
866 37 10 10 1
9 73
867 21 37 10 2
76 5
71 34
868 28 40 10 1
20 8
869 22 3 10 2
76 91
32 64
870 42 9 10 2
54 78
32 70
871 5 42 10 2
44 28
80 34
872 30 49 10 2
11 22
22 15
873 26 29 10 2
25 69
23 3
874 29 18 10 1
8 80
875 30 32 10 2
69 19
55 64
876 46 10 10 2
33 73
12 63
877 3 42 10 1
51 41
878 44 41 10 2
3 44
17 56
879 43 24 10 2
46 42
43 58
880 3 2 10 1
35 69
881 50 48 10 2
17 16
11 33
882 30 38 10 1
17 22
883 19 12 10 1
68 73
884 26 15 10 1
43 51
885 17 6 10 1
68 43
886 31 12 10 2
21 73
21 51
887 15 45 10 2
67 38
47 6
888 33 7 10 2
46 3
62 66
889 25 36 10 1
41 62
890 19 17 10 1
24 39
891 40 8 10 1
58 61
892 31 11 10 1
66 42
893 16 18 10 1
46 26
894 20 6 10 2
58 13
41 41
895 7 14 10 2
79 27
53 60
896 34 7 10 2
57 40
5 2
897 18 10 10 2
11 4
45 22
898 25 40 10 2
71 3
16 48
899 1 18 10 1
30 65
900 36 50 10 2
20 8
42 35
901 27 4 10 2
57 68
56 35
902 11 9 10 2
65 43
85 35
903 41 22 10 2
50 40
50 78
904 12 33 10 2
78 15
10 54
905 2 9 10 1
5 19
906 24 41 10 1
9 15
907 42 8 10 2
4 26
0 41
908 31 3 10 2
23 87
12 36
909 19 34 10 2
75 62
18 63
910 15 28 10 2
37 52
19 0
911 24 33 10 2
36 26
8 67
912 12 46 10 1
24 53
913 9 13 10 1
80 39
914 6 4 10 1
11 66
915 27 17 10 1
26 70
916 23 2 10 2
51 66
11 85
917 12 12 10 2
59 41
33 46
918 41 18 10 1
24 19
919 3 21 10 1
65 58
920 43 36 10 1
25 6
921 12 46 10 1
82 30
922 5 30 10 1
56 27
923 42 38 10 1
20 11
924 10 37 10 2
21 12
54 41
925 38 5 10 1
35 70
926 16 11 10 2
31 73
69 26
927 36 20 10 2
15 62
59 63
928 11 26 10 1
2 73
929 17 17 10 1
23 57
930 38 29 10 1
36 22
931 5 11 10 2
31 85
76 59
932 32 47 10 1
62 45
933 9 38 10 1
19 1
934 49 7 10 2
25 93
50 92
935 36 13 10 1
5 33
936 32 39 10 2
44 43
26 44
937 47 46 10 2
11 15
40 34
938 4 49 10 1
2 17
939 16 25 10 2
14 58
8 44
940 14 47 10 1
19 41
941 11 50 10 1
11 19
942 31 18 10 1
25 0
943 27 31 10 1
63 11
944 8 10 10 1
81 19
945 10 8 10 1
15 87
946 30 27 10 1
6 14
947 50 48 10 1
7 24
948 7 9 10 1
15 79
949 3 29 10 2
84 67
97 56
950 13 40 10 1
37 36
951 28 25 10 1
68 1
952 12 30 10 1
19 36
953 7 6 10 1
71 87
954 41 34 10 2
55 1
36 41
955 10 39 10 2
16 1
75 12
956 24 23 10 1
0 27
957 43 37 10 1
49 63
958 50 7 10 2
7 18
17 24
959 23 36 10 2
49 39
16 27
960 17 5 10 1
18 61
961 28 8 10 1
61 29
962 32 18 10 1
7 56
963 47 6 10 2
37 2
26 29
964 9 19 10 2
40 33
20 80
965 1 15 10 1
31 7
966 2 40 10 2
63 36
98 40
967 24 28 10 1
47 56
968 44 50 10 2
18 27
53 11
969 17 31 10 1
32 59
970 1 8 10 1
98 15
971 8 3 10 1
52 70
972 7 29 10 2
11 62
20 54
973 3 35 10 1
93 46
974 7 10 10 1
43 90
975 30 6 10 1
52 57
976 16 4 10 1
42 10
977 19 24 10 2
38 25
51 22
978 46 13 10 1
36 55
979 23 35 10 2
54 54
76 32
980 2 14 10 1
42 25
981 50 13 10 1
28 32
982 26 28 10 1
45 8
983 16 9 10 1
4 7
984 26 27 10 1
39 42
985 38 2 10 1
3 57
986 32 43 10 1
32 2
987 48 42 10 1
34 49
988 5 46 10 1
40 15
989 46 5 10 1
2 32
990 39 33 10 2
41 63
59 50
991 34 32 10 1
25 59
992 29 44 10 2
48 38
71 47
993 7 27 10 1
19 27
994 19 4 10 2
73 34
31 29
995 49 21 10 1
13 65
996 38 39 10 1
39 28
997 5 46 10 1
55 54
998 9 2 10 2
6 65
58 69
999 7 6 10 1
20 84
1000 43 2 10 1
54 69
1001 16 24 10 1
14 10
1002 2 47 10 1
9 34
1003 17 20 10 1
15 57
1004 34 33 10 2
64 47
56 1
1005 12 4 10 2
69 5
53 60
1006 31 43 10 1
24 24
1007 6 20 10 1
82 10
1008 33 32 10 1
54 64
1009 30 47 10 2
6 17
5 37
1010 15 46 10 2
11 50
74 27
1011 23 28 10 2
70 31
22 62
1012 44 45 10 2
46 24
22 6
1013 38 43 10 1
18 40
1014 39 27 10 2
24 69
15 33
1015 28 2 10 2
65 39
19 8
1016 1 10 10 1
49 18
1017 23 38 10 2
35 34
69 8
1018 33 37 10 2
51 29
5 55
1019 17 26 10 1
67 56
1020 37 5 10 1
8 11
1021 5 14 10 1
45 84
1022 41 11 10 2
6 29
13 60
1023 27 1 10 1
31 5
1024 21 36 10 2
42 2
21 46
1025 49 20 10 1
16 15
1026 7 28 10 1
24 37
1027 2 37 10 2
8 60
96 61
1028 5 50 10 2
76 34
73 48
1029 41 3 10 2
29 70
9 12
1030 6 29 10 2
66 13
28 41
1031 12 26 10 2
69 54
78 68
1032 16 45 10 2
39 32
48 36
1033 45 6 10 2
37 33
20 84
1034 8 8 10 1
7 87
1035 24 16 10 1
44 14
1036 31 6 10 1
29 76
1037 49 50 10 1
26 20
1038 27 46 10 1
65 37
1039 21 24 10 2
62 0
6 3
1040 42 42 10 1
19 33
1041 17 12 10 2
48 48
35 71
1042 28 28 10 2
6 41
55 33
1043 1 20 10 2
46 62
96 56
1044 35 2 10 2
40 28
24 64
1045 2 28 10 1
47 33
1046 25 9 10 2
43 89
37 6
1047 26 41 10 2
29 59
6 0
1048 44 28 10 1
7 22
1049 19 12 10 2
61 88
60 39
1050 9 49 10 1
49 1
1051 6 12 10 1
11 47
1052 17 35 10 1
0 1
1053 31 38 10 2
63 35
16 12
1054 12 37 10 2
1 34
57 17
1055 27 17 10 2
9 18
14 21
1056 14 34 10 1
61 43
1057 28 23 10 1
59 70
1058 41 11 10 2
32 22
19 16
1059 43 36 10 2
56 32
23 34
1060 3 44 10 2
39 41
47 18
1061 30 22 10 1
9 14
1062 13 10 10 2
68 78
62 87
1063 47 6 10 2
49 50
48 26
1064 43 19 10 2
10 3
12 71
1065 25 44 10 1
60 22
1066 1 42 10 1
77 50
1067 16 3 10 2
81 24
4 49
1068 15 21 10 2
79 29
42 29
1069 1 3 10 1
91 50
1070 31 33 10 1
54 44
1071 18 17 10 2
33 33
54 6
1072 14 35 10 1
60 27
1073 46 36 10 1
41 41
1074 42 39 10 1
34 29
1075 33 43 10 2
54 37
67 32
1076 49 45 10 2
20 30
37 44
1077 31 7 10 2
17 32
48 29
1078 6 47 10 2
22 17
16 13
1079 42 15 10 1
33 30
1080 37 7 10 1
63 3
1081 11 37 10 1
66 6
1082 37 36 10 1
18 15
1083 8 1 10 1
22 0
1084 5 45 10 2
55 24
14 2
1085 33 41 10 2
15 0
10 52
1086 13 24 10 1
36 7
1087 16 36 10 2
83 31
82 10
1088 33 49 10 2
35 26
17 12
1089 20 27 10 1
4 0
1090 47 50 10 2
53 48
25 11
1091 24 18 10 2
56 9
42 2
1092 3 28 10 2
54 34
11 9
1093 42 26 10 2
55 11
45 11
1094 15 19 10 2
69 41
12 51
1095 38 18 10 1
33 78
1096 24 50 10 2
53 35
25 18
1097 10 25 10 1
49 58
1098 34 15 10 1
60 67
1099 43 42 10 1
23 1
1100 38 28 10 2
29 9
36 58
1101 2 45 10 1
2 5
1102 28 45 10 2
66 36
71 53
1103 25 1 10 1
70 0
1104 24 9 10 2
46 42
65 40
1105 30 32 10 2
11 17
62 37
1106 39 12 10 1
34 86
1107 36 10 10 1
51 17
1108 18 12 10 1
77 61
1109 33 38 10 2
6 51
33 46
1110 24 18 10 1
70 44
1111 19 24 10 1
40 55
1112 9 1 10 1
46 63
1113 46 37 10 1
4 51
1114 46 22 10 2
3 58
10 27
1115 18 31 10 1
71 41
1116 18 1 10 1
62 66
1117 34 12 10 2
57 30
11 17
1118 5 25 10 1
61 8
1119 23 36 10 1
14 47
1120 40 12 10 1
52 84
1121 21 12 10 1
5 46
1122 29 4 10 1
5 4
1123 5 28 10 1
0 61
1124 45 42 10 2
35 45
20 44
1125 15 42 10 2
52 37
71 36
1126 27 23 10 2
35 60
14 52
1127 6 40 10 2
25 51
39 51
1128 6 14 10 1
33 42
1129 10 23 10 1
87 23
1130 30 19 10 2
56 32
67 30
1131 10 27 10 2
34 69
55 4
1132 28 29 10 1
32 38
1133 33 13 10 1
40 29
1134 41 20 10 1
34 6
1135 22 4 10 2
35 90
6 50
1136 29 40 10 2
10 23
50 10
1137 37 12 10 1
42 41
1138 3 32 10 1
85 13
1139 7 6 10 2
64 49
12 76
1140 2 10 10 2
90 56
87 49
1141 44 45 10 1
40 1
1142 46 40 10 1
20 52
1143 45 6 10 1
5 85
1144 12 29 10 2
7 1
20 53
1145 4 6 10 1
43 27
1146 12 23 10 2
81 43
4 56
1147 3 32 10 2
90 24
16 59
1148 36 4 10 2
3 29
8 6
1149 26 19 10 2
1 26
74 15
1150 18 23 10 1
27 54
1151 33 40 10 1
9 34
1152 41 40 10 1
41 21
1153 40 12 10 2
48 31
58 47
1154 37 22 10 1
46 49
1155 3 4 10 2
72 73
1 82
1156 26 37 10 1
9 49
1157 29 31 10 1
30 61
1158 18 45 10 1
24 36
1159 20 38 10 1
2 0
1160 32 30 10 1
42 41
1161 14 11 10 1
9 63
1162 25 21 10 1
50 23
1163 7 30 10 1
74 7
1164 12 43 10 1
28 19
1165 7 5 10 1
73 5
1166 27 44 10 2
31 0
69 35
1167 33 17 10 1
19 14
1168 25 26 10 1
17 0
1169 44 22 10 2
48 72
35 69
1170 21 37 10 1
21 54
1171 11 26 10 1
30 53
1172 12 1 10 2
47 45
66 23
1173 17 30 10 1
76 16
1174 29 8 10 2
20 28
70 0
1175 13 28 10 1
82 21
1176 23 34 10 2
0 46
72 12
1177 7 50 10 2
27 34
47 21
1178 36 6 10 2
60 21
12 48
1179 34 3 10 2
30 61
27 8
1180 25 39 10 2
22 51
65 17
1181 20 4 10 1
21 92
1182 11 1 10 1
70 27
1183 19 35 10 1
17 19
1184 17 6 10 2
62 35
83 27
1185 9 48 10 1
53 23
1186 39 46 10 1
43 8
1187 41 48 10 1
2 40
1188 4 18 10 1
16 16
1189 29 32 10 1
13 31
1190 46 13 10 1
32 11
1191 22 4 10 2
50 25
0 87
1192 23 46 10 2
58 29
45 25
1193 7 40 10 1
9 43
1194 42 11 10 2
43 87
47 9
1195 20 25 10 1
74 67
1196 8 2 10 1
69 35
1197 40 25 10 1
9 72
1198 13 8 10 2
1 64
7 46
1199 36 24 10 2
58 5
49 29
1200 26 10 10 2
46 46
7 38
1201 19 50 10 2
4 28
55 25
1202 44 20 10 1
36 53
1203 1 20 10 1
58 24
1204 11 25 10 2
15 11
37 18
1205 14 27 10 2
83 71
41 34
1206 10 7 10 2
76 87
79 12
1207 40 27 10 1
46 39
1208 6 43 10 2
28 12
71 21
1209 9 47 10 2
23 23
85 3
1210 35 16 10 1
33 25
1211 45 16 10 1
45 46
1212 34 32 10 1
47 34
1213 30 50 10 2
63 21
58 25
1214 46 47 10 2
12 23
15 27
1215 37 31 10 2
49 64
48 8
1216 14 18 10 1
22 43
1217 24 2 10 2
39 65
11 43
1218 49 26 10 2
50 47
36 48
1219 20 29 10 1
30 1
1220 18 9 10 2
75 15
34 23
1221 8 19 10 2
83 69
74 25
1222 11 27 10 2
40 39
27 7
1223 37 27 10 2
28 13
2 3
1224 42 44 10 2
33 52
22 10
1225 8 6 10 2
11 71
35 40
1226 14 24 10 1
55 64
1227 17 18 10 1
14 63
1228 42 11 10 2
50 43
56 18
1229 29 30 10 1
55 51
1230 21 27 10 1
59 0
1231 18 4 10 2
19 56
68 8
1232 24 21 10 1
3 19
1233 44 12 10 1
19 23
1234 30 43 10 1
54 1
1235 20 15 10 1
50 67
1236 45 6 10 1
2 25
1237 13 25 10 2
19 66
50 22
1238 2 39 10 2
31 22
16 46
1239 40 23 10 1
9 21
1240 41 45 10 1
44 39
1241 34 39 10 1
36 23
1242 45 45 10 2
14 8
14 27
1243 6 33 10 1
60 50
1244 4 36 10 1
65 23
1245 39 32 10 1
53 25
1246 3 7 10 2
15 19
50 12
1247 42 36 10 1
45 11
1248 43 41 10 2
34 55
16 49
1249 31 13 10 2
33 16
18 26
1250 45 10 10 1
45 65
1251 41 7 10 2
9 44
35 85
1252 37 10 10 1
45 51
1253 25 12 10 1
47 83
1254 25 16 10 1
8 82
1255 35 4 10 2
62 35
13 30
1256 32 43 10 1
39 49
1257 42 36 10 1
0 9
1258 50 25 10 2
42 7
32 36
1259 26 15 10 2
49 8
40 35
1260 3 24 10 2
72 9
22 8
1261 6 28 10 1
9 72
1262 22 22 10 2
2 72
11 73
1263 25 38 10 2
57 35
63 22
1264 4 31 10 1
2 32
1265 28 11 10 1
63 12
1266 47 43 10 1
19 4
1267 37 16 10 2
59 68
58 51
1268 37 34 10 1
9 21
1269 32 31 10 1
23 16
1270 42 25 10 2
21 73
33 68
1271 31 42 10 2
30 53
26 40
1272 37 45 10 1
14 38
1273 41 50 10 2
19 12
1 32
1274 47 38 10 1
14 7
1275 3 11 10 1
45 3
1276 32 25 10 2
58 36
61 0
1277 4 1 10 2
71 59
50 39
1278 35 43 10 2
51 19
57 37
1279 20 6 10 1
49 44
1280 45 3 10 2
2 2
26 31
1281 21 45 10 2
25 2
75 47
1282 18 37 10 1
59 56
1283 8 41 10 1
72 44
1284 15 21 10 1
47 75
1285 47 1 10 2
22 14
10 67
1286 30 27 10 2
38 30
10 40
1287 19 34 10 2
44 36
52 55
1288 20 22 10 2
28 39
32 9
1289 40 8 10 1
48 77
1290 46 17 10 2
18 28
36 34
1291 17 2 10 1
28 6
1292 22 33 10 1
77 61
1293 14 37 10 1
31 20
1294 1 49 10 1
7 44
1295 8 31 10 2
41 38
66 44
1296 19 41 10 2
43 30
74 8
1297 3 16 10 1
38 35
1298 28 20 10 1
18 78
1299 37 4 10 1
45 13
1300 50 8 10 2
21 50
22 67
1301 39 26 10 2
37 43
40 60
1302 36 28 10 1
8 33
1303 24 36 10 1
33 41
1304 25 15 10 1
28 69
1305 24 4 10 2
23 24
52 20
1306 48 9 10 1
12 39
1307 19 12 10 2
26 83
13 2
1308 15 43 10 2
64 47
84 25
1309 2 3 10 1
72 35
1310 49 38 10 1
51 41
1311 42 43 10 2
56 18
4 29
1312 13 3 10 1
40 7
1313 15 35 10 1
20 20
1314 40 18 10 2
21 23
28 43
1315 49 49 10 1
12 8
1316 10 40 10 1
17 1
1317 22 26 10 1
26 1
1318 2 15 10 2
52 59
56 8
1319 45 8 10 2
23 1
28 54
1320 50 31 10 2
15 7
11 35
1321 24 14 10 1
22 29
1322 38 36 10 2
10 30
1 27
1323 46 9 10 1
34 37
1324 5 38 10 1
58 45
1325 11 43 10 2
6 56
47 3
1326 47 27 10 2
46 13
53 60
1327 41 45 10 2
52 16
26 6
1328 39 12 10 1
24 46
1329 35 15 10 1
60 80
1330 22 33 10 1
19 40
1331 3 38 10 2
50 48
68 18
1332 17 33 10 1
62 31
1333 13 29 10 1
12 16
1334 6 4 10 2
65 5
30 89
1335 45 36 10 1
42 9
1336 4 32 10 1
80 28
1337 10 23 10 2
88 45
22 76
1338 48 49 10 2
6 11
11 9
1339 25 48 10 1
28 35
1340 12 11 10 2
37 19
18 14
1341 12 25 10 2
75 48
24 24
1342 48 1 10 1
18 37
1343 29 2 10 2
65 76
42 1
1344 30 2 10 1
47 78
1345 25 50 10 1
40 12
1346 29 32 10 1
50 54
1347 43 14 10 2
26 29
17 23
1348 32 31 10 1
20 45
1349 10 2 10 1
51 44
1350 6 10 10 1
83 47
1351 47 11 10 2
7 9
20 52
1352 3 10 10 2
96 85
89 74
1353 15 28 10 2
85 19
82 52
1354 40 47 10 1
2 27
1355 5 22 10 1
82 70
1356 7 13 10 1
28 83
1357 49 3 10 2
36 68
14 90
1358 5 42 10 1
19 6
1359 5 24 10 1
91 47
1360 10 28 10 2
51 38
1 13
1361 8 34 10 2
71 7
49 39
1362 49 9 10 1
50 49
1363 37 33 10 2
61 31
40 66
1364 50 48 10 2
18 25
47 19
1365 8 39 10 1
27 18
1366 12 8 10 2
18 22
9 24
1367 2 20 10 1
36 20
1368 17 35 10 1
36 62
1369 37 50 10 1
60 39
1370 10 49 10 2
73 44
67 6
1371 11 33 10 1
70 2
1372 15 28 10 2
2 21
0 7
1373 23 13 10 2
24 69
50 24
1374 1 21 10 2
22 34
31 67
1375 36 46 10 2
20 26
21 42
1376 50 40 10 1
28 25
1377 45 28 10 2
48 55
15 29
1378 36 14 10 1
27 61
1379 48 6 10 1
40 69
1380 12 26 10 1
31 55
1381 20 50 10 1
9 12
1382 43 33 10 1
57 28
1383 39 10 10 1
22 23
1384 48 39 10 2
20 45
48 47
1385 2 26 10 2
49 12
83 5
1386 49 41 10 1
0 40
1387 34 7 10 1
9 79
1388 30 39 10 2
14 29
64 44
1389 23 38 10 1
69 44
1390 23 43 10 1
2 45
1391 10 45 10 2
47 44
51 34
1392 49 11 10 1
8 41
1393 14 20 10 2
41 28
77 34
1394 28 41 10 2
38 56
17 37
1395 2 29 10 2
18 52
54 38
1396 49 29 10 2
1 71
0 70
1397 30 20 10 2
45 79
36 51
1398 5 33 10 2
14 52
59 31
1399 30 34 10 1
51 13
1400 19 50 10 2
37 20
1 50
1401 11 43 10 1
41 10
1402 3 11 10 1
58 5
1403 26 19 10 1
69 22
1404 35 17 10 1
28 0
1405 35 37 10 1
42 61
1406 43 35 10 2
16 13
35 44
1407 16 1 10 2
47 1
6 0
1408 3 44 10 2
97 43
51 6
1409 50 39 10 1
1 58
1410 25 19 10 2
72 24
56 69
1411 19 28 10 1
64 61
1412 2 42 10 2
20 26
82 51
1413 2 8 10 2
47 88
15 6
1414 18 19 10 2
16 76
76 5
1415 31 18 10 2
51 47
21 38
1416 25 10 10 1
41 44
1417 39 28 10 1
20 54
1418 12 12 10 1
42 30
1419 41 42 10 2
50 1
16 31
1420 31 25 10 2
41 47
28 55
1421 11 7 10 1
40 0
1422 6 9 10 2
93 44
27 13
1423 45 39 10 1
47 15
1424 9 43 10 1
8 45
1425 16 50 10 2
63 10
54 49
1426 35 42 10 2
41 45
41 35
1427 11 12 10 1
87 44
1428 46 21 10 2
7 64
20 62
1429 40 6 10 1
3 43
1430 34 41 10 2
39 38
11 16
1431 30 20 10 2
29 46
27 45
1432 20 29 10 1
59 15
1433 38 20 10 1
16 37
1434 14 3 10 1
62 65
1435 2 15 10 1
67 27
1436 6 5 10 1
82 66
1437 12 28 10 2
64 68
22 71
1438 23 12 10 2
25 1
36 71
1439 12 21 10 2
23 15
56 39
1440 21 43 10 2
28 30
65 3
1441 33 37 10 2
54 61
24 37
1442 25 32 10 2
56 48
20 50
1443 5 20 10 1
50 17
1444 39 37 10 2
40 55
16 43
1445 40 38 10 1
7 3
1446 39 36 10 2
14 2
34 29
1447 46 22 10 1
45 10
1448 39 27 10 2
10 37
24 35
1449 33 50 10 2
47 28
21 35
1450 50 32 10 2
48 66
8 66
1451 8 38 10 1
18 4
1452 48 38 10 1
52 8
1453 34 35 10 2
10 59
1 42
1454 34 20 10 2
12 34
26 54
1455 49 11 10 1
5 23
1456 14 41 10 1
67 32
1457 49 28 10 1
36 31
1458 32 35 10 2
43 1
2 21
1459 29 30 10 2
40 18
71 54
1460 38 14 10 2
5 80
53 84
1461 48 33 10 2
47 1
49 40
1462 9 44 10 1
15 7
1463 16 38 10 1
31 61
1464 9 37 10 2
17 40
44 15
1465 47 28 10 1
44 67
1466 35 7 10 1
36 41
1467 9 20 10 2
26 51
8 43
1468 34 32 10 2
51 17
56 10
1469 45 23 10 1
13 45
1470 40 4 10 2
34 41
55 96
1471 6 24 10 2
85 31
11 42
1472 25 16 10 1
45 44
1473 7 25 10 1
50 5
1474 9 33 10 2
62 23
58 3
1475 35 39 10 2
52 0
43 58
1476 19 12 10 2
32 32
8 87
1477 5 3 10 2
41 81
26 42
1478 41 20 10 2
2 47
7 4
1479 43 36 10 1
31 27
1480 17 10 10 2
26 54
17 65
1481 17 41 10 2
58 7
67 48
1482 15 38 10 1
2 36
1483 37 3 10 2
51 33
0 72
1484 12 33 10 2
34 40
44 14
1485 16 50 10 2
17 31
15 29
1486 13 2 10 1
13 96
1487 18 50 10 1
39 13
1488 33 49 10 2
26 35
60 28
1489 48 23 10 1
13 51
1490 49 31 10 1
16 12
1491 46 1 10 1
22 24
1492 41 27 10 1
34 16
1493 9 23 10 1
5 33
1494 42 11 10 1
39 4
1495 42 23 10 2
8 0
17 35
1496 2 4 10 2
12 72
27 20
1497 24 50 10 1
7 39
1498 46 40 10 1
40 59
1499 10 49 10 2
3 37
71 30
1500 48 25 10 2
13 23
11 47
1501 32 20 10 1
37 1
1502 45 42 10 1
26 6
1503 35 40 10 1
24 19
1504 34 28 10 2
27 6
60 1
1505 35 26 10 1
7 19
1506 3 39 10 1
50 57
1507 47 9 10 2
12 52
34 74
1508 1 22 10 2
77 40
3 7
1509 32 16 10 2
1 3
59 27
1510 30 6 10 1
57 21
1511 6 7 10 2
72 5
65 60
1512 42 25 10 1
11 15
1513 17 21 10 2
14 63
14 72
1514 36 5 10 1
58 32
1515 16 27 10 1
28 38
1516 9 12 10 1
11 82
1517 1 10 10 1
27 75
1518 49 6 10 1
37 34
1519 48 29 10 1
24 2
1520 44 12 10 2
20 12
14 16
1521 27 6 10 2
71 3
17 34
1522 45 23 10 1
24 4
1523 7 7 10 2
68 74
11 21
1524 35 26 10 2
32 61
54 65
1525 27 9 10 2
48 7
1 64
1526 18 20 10 2
3 65
29 56
1527 36 6 10 1
62 37
1528 37 9 10 2
38 5
6 51
1529 48 47 10 2
38 46
40 8
1530 21 15 10 2
65 55
34 57
1531 33 11 10 1
67 52
1532 18 28 10 1
1 21
1533 11 13 10 1
1 45
1534 1 14 10 1
7 2
1535 36 34 10 1
37 51
1536 16 38 10 1
0 33
1537 37 50 10 1
32 7
1538 1 2 10 2
72 96
94 80
1539 16 9 10 1
58 74
1540 35 50 10 1
49 0
1541 47 22 10 1
35 54
1542 17 25 10 1
6 2
1543 38 33 10 1
15 55
1544 7 47 10 2
10 6
66 5
1545 6 43 10 2
42 32
18 48
1546 20 10 10 1
33 85
1547 5 24 10 2
30 35
52 52
1548 29 21 10 2
36 74
34 51
1549 29 10 10 1
7 70
1550 18 42 10 1
69 58
1551 45 33 10 1
41 28
1552 29 39 10 1
19 61
1553 10 3 10 1
63 33
1554 21 9 10 1
45 81
1555 27 20 10 1
44 58
1556 1 19 10 1
79 12
1557 9 36 10 1
70 14
1558 27 5 10 2
44 72
2 36
1559 26 8 10 1
59 77
1560 15 4 10 2
52 3
6 10
1561 36 16 10 2
11 3
11 22
1562 9 37 10 1
44 11
1563 2 42 10 2
1 31
94 27
1564 49 21 10 2
19 48
46 5
1565 42 12 10 2
26 28
54 81
1566 25 2 10 1
42 30
1567 24 32 10 2
62 19
33 30
1568 36 27 10 2
52 68
21 20
1569 49 7 10 2
42 23
25 57
1570 33 26 10 2
44 51
19 16
1571 5 40 10 2
69 28
65 54
1572 40 19 10 2
53 10
42 20
1573 4 41 10 2
1 2
52 59
1574 33 20 10 2
18 16
30 40
1575 14 20 10 2
53 48
70 19
1576 10 6 10 2
32 77
45 20
1577 17 37 10 1
51 35
1578 42 6 10 1
42 90
1579 32 50 10 1
67 9
1580 16 1 10 1
39 28
1581 44 38 10 1
46 4
1582 34 18 10 1
51 51
1583 50 2 10 1
6 5
1584 6 11 10 2
25 84
35 10
1585 12 16 10 1
51 6
1586 40 48 10 1
52 15
1587 10 7 10 1
7 25
1588 4 45 10 1
76 28
1589 38 40 10 1
5 51
1590 3 1 10 2
60 14
30 13
1591 32 48 10 2
53 2
13 40
1592 10 49 10 1
64 16
1593 38 42 10 2
52 33
21 55
1594 1 41 10 1
26 28
1595 15 22 10 1
2 60
1596 36 34 10 1
60 17
1597 39 49 10 1
29 7
1598 7 28 10 1
78 60
1599 9 13 10 2
61 62
15 68
1600 32 22 10 1
57 53
1601 7 1 10 2
70 1
86 92
1602 36 24 10 2
64 4
1 21
1603 17 43 10 1
17 13
1604 12 11 10 2
74 4
49 77
1605 49 25 10 2
16 50
42 60
1606 25 29 10 1
55 15
1607 37 24 10 1
41 7
1608 8 27 10 1
49 9
1609 31 1 10 1
46 5
1610 34 50 10 1
36 13
1611 48 45 10 1
36 8
1612 35 19 10 1
3 1
1613 7 48 10 1
1 20
1614 3 10 10 2
9 48
60 46
1615 36 25 10 2
31 29
42 29
1616 36 6 10 1
41 2
1617 49 18 10 2
16 19
31 64
1618 28 8 10 2
31 70
43 41
1619 49 8 10 1
28 63
1620 7 9 10 2
72 63
64 12
1621 24 17 10 2
5 76
59 20
1622 47 25 10 1
18 37
1623 49 48 10 2
27 49
29 29
1624 3 23 10 2
13 3
58 26
1625 33 30 10 2
49 33
61 68
1626 49 15 10 1
13 12
1627 21 20 10 1
23 56
1628 5 20 10 2
85 23
49 6
1629 37 12 10 2
50 87
51 18
1630 12 36 10 1
57 53
1631 17 9 10 2
83 48
26 18
1632 5 46 10 2
26 46
70 25
1633 27 45 10 2
16 13
67 27
1634 33 31 10 2
3 33
66 66
1635 38 44 10 1
3 44
1636 50 24 10 2
0 44
50 3
1637 34 39 10 2
25 36
53 47
1638 21 39 10 2
32 49
1 20
1639 44 42 10 2
28 3
47 30
1640 39 30 10 2
22 32
10 55
1641 38 46 10 1
53 50
1642 17 10 10 2
26 51
16 58
1643 14 12 10 1
22 82
1644 31 7 10 1
59 47
1645 32 28 10 2
13 54
21 7
1646 11 40 10 1
36 17
1647 26 37 10 1
47 22
1648 28 38 10 1
22 11
1649 12 48 10 1
12 17
1650 44 26 10 2
53 9
3 54
1651 2 5 10 2
97 2
27 10
1652 13 29 10 2
87 1
4 37
1653 13 14 10 2
58 23
32 35
1654 37 15 10 2
20 72
35 56
1655 16 36 10 1
72 4
1656 26 49 10 2
7 10
44 39
1657 40 36 10 1
44 28
1658 39 15 10 2
44 20
48 63
1659 35 6 10 1
49 28
1660 42 4 10 2
3 16
53 55
1661 27 29 10 2
21 58
21 70
1662 20 23 10 2
33 75
47 2
1663 47 1 10 2
52 0
26 95
1664 24 49 10 1
21 2
1665 1 43 10 1
76 2
1666 12 50 10 2
38 15
79 2
1667 17 35 10 1
22 20
1668 13 16 10 1
0 21
1669 23 5 10 1
47 83
1670 23 4 10 1
43 36
1671 46 44 10 1
54 25
1672 33 36 10 1
24 31
1673 11 19 10 2
20 75
54 16
1674 35 2 10 1
15 16
1675 49 18 10 1
37 7
1676 50 22 10 2
39 76
39 17
1677 8 10 10 2
51 25
9 61
1678 20 38 10 2
20 4
1 24
1679 39 50 10 1
36 13
1680 22 40 10 1
23 25
1681 5 45 10 1
61 23
1682 47 26 10 2
17 60
20 19
1683 33 41 10 2
49 6
18 44
1684 40 28 10 2
51 29
1 0
1685 38 11 10 2
55 17
17 7
1686 11 46 10 1
45 44
1687 22 23 10 2
12 34
26 17
1688 38 41 10 2
15 42
53 3
1689 29 32 10 1
33 59
1690 9 24 10 1
19 11
1691 35 16 10 2
14 75
23 0
1692 50 35 10 2
2 55
31 48
1693 13 14 10 1
75 75
1694 28 23 10 2
7 21
43 59
1695 35 43 10 2
35 3
42 40
1696 23 48 10 1
41 44
1697 46 31 10 2
50 22
1 65
1698 26 31 10 1
46 39
1699 50 41 10 2
5 50
37 25
1700 36 11 10 1
44 1
1701 35 12 10 2
21 38
57 22
1702 27 13 10 1
1 11
1703 11 16 10 1
36 72
1704 12 39 10 1
77 44
1705 27 26 10 2
5 17
52 51
1706 17 22 10 2
55 24
23 8
1707 19 42 10 1
29 39
1708 4 48 10 1
31 23
1709 35 40 10 1
20 19
1710 6 6 10 2
0 88
5 53
1711 34 10 10 2
4 41
51 35
1712 8 44 10 1
60 27
1713 26 19 10 2
1 1
73 41
1714 30 12 10 2
54 11
56 54
1715 10 15 10 1
25 52
1716 1 42 10 2
91 5
55 19
1717 13 46 10 2
44 17
36 7
1718 13 30 10 2
60 49
66 46
1719 27 49 10 2
26 50
32 38
1720 12 40 10 2
54 51
8 30
1721 22 7 10 1
11 63
1722 40 37 10 1
19 23
1723 11 19 10 2
39 34
34 9
1724 11 15 10 2
54 42
25 64
1725 37 17 10 1
21 45
1726 50 35 10 1
24 17
1727 36 37 10 2
59 22
25 55
1728 46 18 10 1
0 76
1729 15 33 10 2
61 34
22 11
1730 47 18 10 2
49 75
38 2
1731 38 50 10 2
34 4
16 43
1732 4 20 10 2
94 12
37 28
1733 33 34 10 2
27 58
6 50
1734 25 6 10 2
53 32
53 59
1735 44 25 10 2
35 8
23 38
1736 6 34 10 1
7 19
1737 31 45 10 1
1 49
1738 20 22 10 2
71 49
2 37
1739 24 27 10 1
43 4
1740 46 16 10 2
27 75
32 31
1741 2 26 10 2
85 27
2 51
1742 45 8 10 1
47 23
1743 27 31 10 1
2 65
1744 33 42 10 2
27 32
42 43
1745 3 25 10 1
73 53
1746 20 44 10 2
51 1
40 51
1747 21 2 10 1
17 15
1748 30 4 10 2
9 69
51 87
1749 29 2 10 2
26 23
7 97
1750 26 49 10 1
60 12
1751 38 12 10 1
31 15
1752 10 27 10 1
29 59
1753 30 48 10 2
39 39
33 10
1754 38 19 10 1
13 75
1755 44 43 10 1
43 49
1756 21 20 10 1
36 45
1757 40 27 10 1
24 22
1758 40 22 10 1
0 47
1759 39 34 10 2
14 65
47 35
1760 16 4 10 1
59 92
1761 8 27 10 1
49 48
1762 18 43 10 1
43 56
1763 34 38 10 1
48 41
1764 50 38 10 1
21 0
1765 29 50 10 1
60 3
1766 10 27 10 1
57 6
1767 2 33 10 1
58 20
1768 10 34 10 2
70 22
83 37
1769 34 21 10 1
58 18
1770 33 43 10 1
59 40
1771 6 5 10 1
54 75
1772 8 47 10 1
21 51
1773 26 26 10 1
71 4
1774 9 2 10 1
58 7
1775 49 12 10 1
43 33
1776 18 14 10 2
80 83
23 82
1777 22 34 10 1
10 22
1778 48 48 10 1
19 10
1779 24 14 10 1
74 11
1780 15 30 10 1
1 23
1781 18 37 10 2
7 31
78 48
1782 49 29 10 1
48 37
1783 25 21 10 2
5 45
45 28
1784 49 28 10 1
44 68
1785 24 50 10 1
31 25
1786 18 33 10 1
45 57
1787 16 34 10 2
51 52
19 25
1788 15 28 10 2
51 59
77 67
1789 19 38 10 1
47 37
1790 37 32 10 1
6 32
1791 39 34 10 1
10 52
1792 40 9 10 2
26 50
4 58
1793 38 27 10 1
57 44
1794 40 38 10 1
13 20
1795 48 31 10 2
45 63
28 23
1796 50 28 10 2
7 31
16 67
1797 4 34 10 1
12 41
1798 39 34 10 1
9 16
1799 1 2 10 1
37 38
1800 42 43 10 2
9 53
39 46
1801 5 20 10 1
36 72
1802 14 20 10 1
26 66
1803 32 21 10 2
16 4
55 41
1804 25 20 10 1
37 1
1805 40 46 10 1
33 11
1806 22 15 10 2
54 54
77 13
1807 17 36 10 1
72 4
1808 24 26 10 1
10 60
1809 24 16 10 2
52 52
12 67
1810 37 22 10 1
37 0
1811 16 20 10 2
15 20
40 28
1812 43 13 10 2
54 51
6 1
1813 32 32 10 1
21 9
1814 23 4 10 2
11 96
73 84
1815 3 10 10 1
75 25
1816 31 13 10 2
5 24
38 23
1817 20 18 10 2
70 77
0 34
1818 28 2 10 2
16 28
40 8
1819 45 31 10 2
4 9
50 60
1820 3 45 10 1
61 44
1821 43 11 10 1
17 45
1822 13 17 10 1
71 45
1823 1 23 10 1
93 12
1824 29 17 10 2
46 31
14 50
1825 42 32 10 1
3 36
1826 38 16 10 2
20 39
7 69
1827 2 49 10 1
22 5
1828 2 44 10 2
50 49
20 49
1829 47 3 10 2
52 69
35 51
1830 18 41 10 2
68 34
1 9
1831 21 11 10 1
48 36
1832 28 46 10 1
30 21
1833 27 9 10 1
24 77
1834 20 17 10 1
55 62
1835 33 47 10 1
21 2
1836 46 8 10 2
14 10
5 25
1837 10 25 10 1
12 42
1838 18 36 10 1
43 20
1839 16 12 10 1
76 83
1840 3 19 10 1
18 2
1841 15 39 10 1
60 30
1842 24 46 10 2
61 46
7 34
1843 44 50 10 1
5 28
1844 19 25 10 2
31 73
34 53
1845 25 27 10 2
23 31
41 73
1846 1 24 10 1
17 49
1847 48 35 10 1
8 47
1848 36 29 10 1
49 66
1849 4 22 10 2
30 5
50 50
1850 28 1 10 1
16 93
1851 42 6 10 2
53 1
39 69
1852 8 1 10 1
75 15
1853 4 48 10 1
18 23
1854 2 39 10 2
20 44
25 49
1855 49 24 10 2
14 14
36 23
1856 3 4 10 1
17 59
1857 32 19 10 2
34 80
17 5
1858 19 48 10 2
42 14
65 5
1859 36 2 10 2
44 80
44 67
1860 19 19 10 2
51 20
21 76
1861 24 10 10 2
63 6
40 89
1862 25 1 10 2
13 53
17 39
1863 28 2 10 1
37 57
1864 10 49 10 2
2 8
25 22
1865 24 33 10 1
9 47
1866 44 1 10 2
14 86
46 81
1867 28 32 10 2
54 6
44 67
1868 37 4 10 1
22 32
1869 5 14 10 2
39 56
72 33
1870 46 25 10 2
13 12
43 40
1871 30 38 10 2
58 7
10 48
1872 34 41 10 2
38 54
51 37
1873 28 22 10 1
70 30
1874 21 46 10 2
71 29
50 35
1875 24 44 10 1
23 15
1876 45 31 10 1
34 33
1877 1 42 10 1
20 1
1878 24 28 10 1
27 24
1879 45 46 10 1
50 43
1880 14 37 10 2
33 5
23 17
1881 16 49 10 2
58 24
79 37
1882 12 17 10 2
60 30
79 20
1883 47 35 10 1
2 17
1884 44 12 10 1
16 88
1885 5 28 10 1
22 66
1886 19 9 10 2
63 84
9 77
1887 34 10 10 2
42 41
10 42
1888 45 22 10 2
3 56
20 55
1889 45 39 10 1
35 61
1890 8 2 10 2
36 31
27 86
1891 12 50 10 1
16 31
1892 30 30 10 1
9 53
1893 33 45 10 2
51 19
61 1
1894 1 14 10 1
30 48
1895 22 40 10 1
64 50
1896 9 41 10 1
4 40
1897 46 20 10 1
31 34
1898 44 42 10 2
50 48
23 32
1899 28 30 10 1
47 0
1900 11 1 10 1
51 24
1901 43 23 10 2
26 9
18 73
1902 18 21 10 1
13 66
1903 38 45 10 2
53 38
50 4
1904 39 46 10 1
37 47
1905 21 21 10 2
76 26
18 53
1906 19 14 10 1
28 75
1907 25 7 10 1
20 91
1908 38 46 10 1
21 39
1909 36 22 10 2
2 0
9 23
1910 29 28 10 1
24 67
1911 20 32 10 1
20 43
1912 46 30 10 1
54 65
1913 34 10 10 1
57 67
1914 35 42 10 1
42 42
1915 19 5 10 1
49 89
1916 47 13 10 2
25 39
29 73
1917 35 18 10 1
41 65
1918 44 29 10 2
12 69
15 0
1919 29 10 10 2
15 6
69 7
1920 10 27 10 2
51 16
0 12
1921 21 23 10 2
64 52
35 42
1922 43 34 10 2
20 45
56 63
1923 7 12 10 2
55 35
0 0
1924 25 34 10 2
66 53
67 16
1925 44 4 10 1
26 48
1926 17 21 10 1
22 32
1927 17 5 10 2
0 18
25 25
1928 27 35 10 1
65 29
1929 31 3 10 2
2 31
52 24
1930 40 20 10 1
58 27
1931 42 27 10 1
2 42
1932 4 35 10 1
77 35
1933 5 14 10 1
74 55
1934 5 39 10 2
73 56
62 8
1935 22 10 10 1
26 46
1936 40 18 10 2
20 5
29 26
1937 49 50 10 2
19 32
0 36
1938 32 41 10 2
2 56
43 37
1939 49 36 10 1
42 55
1940 11 46 10 2
18 41
5 51
1941 6 23 10 2
66 35
78 2
1942 13 20 10 1
29 12
1943 48 29 10 2
18 68
27 58
1944 40 24 10 2
4 65
57 54
1945 18 44 10 1
0 32
1946 49 47 10 2
50 41
33 25
1947 33 18 10 2
20 31
28 21
1948 2 48 10 2
91 39
96 17
1949 30 27 10 2
66 26
12 56
1950 45 1 10 2
11 75
13 84
1951 44 6 10 1
51 67
1952 30 35 10 2
18 48
46 43
1953 20 27 10 2
19 30
17 58
1954 10 15 10 1
57 79
1955 38 2 10 1
14 60
1956 37 4 10 2
40 34
57 7
1957 36 18 10 2
41 33
9 80
1958 27 32 10 2
25 67
9 5
1959 48 14 10 1
22 74
1960 21 32 10 2
47 65
77 49
1961 26 36 10 2
70 56
52 26
1962 2 10 10 2
51 10
19 30
1963 26 44 10 1
14 40
1964 39 2 10 1
35 69
1965 10 37 10 1
65 17
1966 42 32 10 2
24 4
55 15
1967 30 38 10 1
61 49
1968 38 36 10 2
35 29
14 35
1969 33 43 10 2
58 2
31 45
1970 3 27 10 2
58 65
78 52
1971 47 15 10 2
22 57
0 62
1972 16 48 10 1
84 13
1973 21 22 10 1
40 56
1974 3 23 10 1
67 61
1975 39 44 10 2
45 52
17 16
1976 20 24 10 1
9 39
1977 20 31 10 1
19 29
1978 21 4 10 2
68 56
14 41
1979 49 26 10 1
37 56
1980 40 29 10 1
14 38
1981 18 23 10 2
33 52
60 73
1982 2 49 10 2
92 27
38 1
1983 28 14 10 2
61 27
63 64
1984 14 8 10 2
46 57
20 76
1985 43 10 10 1
6 65
1986 36 50 10 1
17 36
1987 22 36 10 2
20 29
29 22
1988 6 25 10 1
70 44
1989 48 17 10 2
51 49
1 59
1990 20 19 10 2
32 49
22 15
1991 48 41 10 2
41 5
40 31
1992 48 40 10 2
4 28
0 21
1993 11 11 10 1
51 72
1994 5 42 10 1
29 50
1995 18 43 10 2
7 45
75 16
1996 14 45 10 2
36 1
16 37
1997 9 35 10 2
85 30
25 3
1998 28 41 10 1
49 45
1999 8 36 10 2
48 57
58 15
2
2000 break
3000 continue
