25 35
0 0 2 1 1 1 0 0 3 0 0 0 1 1 0 1 3 1 3 2 0 1 3 2 2 1 1 2 0 0 3 0 2 2 2
0 3 0 3 0 2 2 1 0 0 1 2 0 1 0 3 2 3 2 1 2 2 1 2 0 1 1 1 3 3 2 1 2 0 1
0 2 3 2 0 1 2 1 3 3 3 1 2 1 1 2 3 3 2 1 1 3 0 0 0 1 1 3 0 3 3 3 2 0 0
2 2 0 2 3 1 3 0 2 1 0 2 1 1 2 1 0 2 3 0 0 2 2 1 0 1 0 0 3 0 1 1 3 1 2
3 1 1 2 3 2 3 3 0 1 1 0 2 0 1 1 0 0 0 1 0 0 2 0 1 2 3 1 1 3 1 3 3 1 0
0 3 2 3 3 3 0 0 0 3 2 0 1 1 1 3 1 3 1 2 3 1 0 3 0 0 0 0 1 1 3 3 3 1 3
0 1 3 0 3 2 3 2 3 3 1 1 2 1 0 0 2 0 0 3 1 0 0 1 0 0 1 3 0 1 0 0 3 2 2
1 2 1 2 3 1 2 3 2 0 0 3 0 0 1 2 1 2 0 1 2 2 1 3 2 0 2 0 1 2 0 0 1 2 2
1 2 1 2 3 2 0 0 3 2 0 0 2 1 2 1 3 3 0 0 0 1 0 2 1 3 1 0 2 2 0 2 1 1 0
2 3 1 1 1 1 3 0 1 2 3 1 2 1 0 3 0 3 1 1 3 2 2 1 1 0 1 3 2 2 0 2 2 3 2
0 0 2 1 2 0 0 3 2 2 3 0 3 1 2 0 3 0 1 2 3 0 2 2 0 2 2 3 2 3 2 1 1 3 3
1 2 3 0 2 2 1 3 2 3 3 3 1 3 1 0 2 2 0 1 2 1 1 1 0 0 1 3 0 3 3 1 3 3 3
1 1 0 0 3 1 1 3 0 1 0 3 1 3 2 3 3 3 1 3 3 2 1 2 3 1 2 3 0 2 1 2 2 2 0
1 1 1 3 1 1 0 3 3 2 3 3 0 1 3 3 0 3 3 0 2 2 3 3 1 3 1 2 3 3 0 3 2 3 1
3 1 0 3 0 0 3 1 3 1 0 2 3 2 1 3 2 2 3 2 3 2 0 3 0 0 2 1 0 0 0 1 1 0 1
1 1 3 0 1 3 2 2 1 0 1 2 0 0 2 3 3 1 0 1 0 2 0 0 2 3 2 0 2 0 3 3 0 3 2
3 1 3 1 2 3 3 3 2 2 1 0 2 3 1 3 3 2 0 3 2 1 3 1 2 2 2 2 2 0 1 0 1 3 3
1 3 3 3 0 0 2 1 3 1 2 2 3 2 3 2 2 3 2 2 2 1 0 1 2 0 1 1 1 3 2 2 0 1 2
1 2 1 2 0 1 2 0 0 2 1 3 0 0 2 3 3 3 2 1 0 2 3 0 0 3 3 0 0 1 1 2 0 1 0
3 1 3 3 3 2 3 2 0 0 1 1 2 0 1 1 1 0 1 0 3 3 3 2 0 1 2 2 3 0 1 2 1 3 0
1 1 2 1 0 0 1 2 2 3 0 3 2 3 2 3 3 0 0 3 2 2 0 0 1 0 2 0 1 3 3 2 1 3 3
0 3 2 3 2 2 0 1 2 3 3 2 3 0 3 0 2 2 2 0 3 0 3 3 0 1 2 3 3 0 1 2 1 2 3
3 0 0 1 1 2 0 3 0 1 0 3 0 1 3 2 2 3 3 3 1 3 1 3 1 1 0 2 3 2 2 0 2 2 3
1 3 3 2 2 3 3 2 1 1 3 1 3 0 2 3 3 3 1 3 0 1 2 0 3 0 3 0 1 3 1 0 3 2 2
3 0 2 3 2 3 0 0 1 2 1 0 3 0 0 3 1 2 0 0 2 0 2 2 2 3 1 1 3 1 1 1 0 3 1
17
0 8 3 48 4
8 29
8 0
14 18
17 10
1 8 6 54 3
13 22
8 14
9 6
5 8 2 48 4
11 18
9 1
12 17
0 3
10 8 5 48 5
11 7
6 19
8 21
4 20
3 28
11 5 8 45 5
11 23
4 2
9 10
13 5
6 4
16 6 5 47 3
15 30
9 23
10 25
17 8 2 47 2
12 23
2 25
18 5 2 52 3
8 24
20 23
3 14
22 1 6 54 2
20 2
20 26
26 5 7 46 2
1 1
9 15
27 2 4 53 2
12 29
11 26
32 3 7 55 1
15 19
36 5 1 50 2
14 28
7 23
37 6 6 45 4
8 6
3 27
14 2
6 20
42 1 1 50 2
4 13
2 13
47 4 4 50 2
19 0
8 9
49 5 3 46 1
4 0
5
1000 break
2000 continue
3000 break
4000 continue
6000 stop
19
0 48 5
11 2 1
9 4 1
14 8 3
3 31 2
12 33 3
1 52 5
8 3 3
22 20 2
21 2 1
16 26 2
22 7 2
5 46 1
11 10 1
7 49 5
21 21 2
20 19 2
17 28 1
23 8 3
21 14 2
11 48 4
11 30 2
14 7 2
14 21 3
9 24 1
15 46 1
3 6 2
16 50 2
18 4 3
18 22 3
17 51 3
22 28 3
2 19 3
10 23 1
22 53 2
5 31 1
4 23 3
25 46 3
19 15 2
18 2 3
22 18 1
27 49 3
11 23 1
6 10 3
22 26 1
29 55 1
3 14 2
33 52 3
6 24 2
11 6 1
5 11 3
34 55 1
9 29 3
38 52 5
15 27 2
7 33 1
12 28 1
10 32 3
22 20 1
40 51 5
2 1 1
10 14 1
9 19 2
4 1 2
14 12 1
44 53 2
17 23 1
13 3 2
45 52 1
11 28 3
49 55 4
10 8 2
1 21 1
20 30 3
12 6 2
