100 10
36 13 10 18 17 17 14 13 27 12
28 23 11 10 12 16 17 26 29 10
27 16 30 27 23 17 24 28 18 10
15 23 20 18 14 16 20 13 12 22
13 21 21 29 18 11 24 27 13 22
12 27 19 30 29 21 28 16 12 11
17 19 12 17 13 22 18 24 30 21
15 21 21 16 18 30 12 29 30 15
27 17 15 24 22 18 30 27 17 20
11 17 11 20 22 18 12 16 28 20
16 30 25 22 30 24 14 18 14 17
27 27 18 28 23 28 22 21 17 14
26 25 12 11 13 14 30 15 23 29
12 22 22 29 24 26 18 27 10 13
27 18 30 20 13 19 23 15 24 10
18 26 15 26 13 30 19 30 26 29
16 14 21 15 27 26 10 29 20 25
10 13 21 19 17 11 17 28 12 12
25 12 27 14 14 25 27 15 18 26
29 23 16 27 16 19 22 30 21 24
26 24 13 17 17 12 20 10 28 27
17 28 17 10 12 30 11 17 12 11
20 12 26 17 18 25 16 27 14 28
28 25 17 25 23 16 13 13 23 21
23 23 24 11 30 30 13 11 22 20
13 17 16 16 27 24 14 23 15 18
24 17 12 24 27 13 11 30 27 10
12 17 15 23 25 25 16 22 11 15
22 10 22 18 24 19 23 27 25 14
16 19 16 11 28 27 11 20 11 11
28 25 26 26 15 11 26 12 15 12
29 12 17 22 13 28 17 28 29 11
29 12 23 28 28 26 20 18 16 20
17 18 22 14 30 19 24 20 12 10
24 29 28 13 12 27 16 26 18 14
21 12 17 21 19 15 24 27 19 29
30 26 10 27 19 13 14 18 13 13
27 14 18 19 29 16 20 16 30 18
26 25 18 11 12 30 23 18 11 10
20 14 30 18 15 24 27 23 27 10
13 12 14 27 11 21 28 27 14 23
14 11 19 21 11 21 16 17 13 21
27 23 29 14 17 15 15 23 10 15
20 23 17 18 15 13 22 11 25 17
16 24 21 19 17 17 10 16 22 20
18 12 18 21 30 26 22 27 20 10
13 18 15 28 18 11 13 29 23 21
20 23 29 26 13 22 28 16 18 11
23 10 26 27 16 21 23 12 20 29
20 13 19 26 19 23 20 22 19 27
14 16 23 22 15 29 28 19 22 27
10 19 19 16 23 28 29 30 20 24
24 24 16 26 25 15 12 19 26 30
29 20 12 17 19 17 16 14 10 11
17 25 29 12 24 23 30 28 16 22
25 22 17 14 30 10 13 23 17 15
26 24 11 27 17 13 24 14 24 26
27 29 20 24 29 26 23 27 24 15
25 24 18 17 30 18 26 25 30 17
18 24 12 19 17 18 20 20 27 12
14 14 17 22 14 16 12 23 23 20
27 24 23 11 16 23 22 28 10 28
22 25 10 21 19 22 23 27 27 29
17 25 17 18 23 25 10 22 20 22
15 24 14 29 27 10 22 28 28 10
12 30 23 14 24 15 11 18 22 20
16 24 20 20 22 18 23 18 12 25
10 27 11 21 17 30 12 30 11 10
17 16 10 29 14 17 14 25 13 28
16 24 18 21 15 29 29 13 15 19
13 28 10 19 28 22 22 16 12 28
30 17 13 19 29 13 28 11 21 27
23 21 12 26 30 20 10 23 25 13
23 21 30 24 14 23 15 26 30 18
29 27 25 24 23 28 18 20 17 12
18 24 17 24 28 29 22 20 10 25
20 15 25 16 21 18 20 18 29 18
27 10 26 16 12 17 23 25 27 17
25 30 25 24 10 12 19 17 22 17
19 28 21 25 27 26 21 23 27 20
21 24 18 19 18 17 13 16 20 13
27 15 16 16 25 18 28 26 29 19
13 16 19 17 21 15 19 10 27 14
18 11 11 27 19 14 30 25 13 10
28 19 25 25 24 20 15 11 18 25
13 12 22 25 12 28 30 11 14 14
28 19 12 17 13 27 23 29 29 29
17 26 22 24 24 19 28 23 19 28
29 11 29 13 16 30 16 18 12 15
17 15 27 12 15 10 23 24 29 25
19 11 17 19 19 24 12 17 18 30
28 16 23 13 27 17 30 14 18 14
12 11 15 19 29 28 19 24 13 24
19 22 18 26 27 25 24 12 29 11
23 20 29 18 10 12 17 28 28 10
18 28 11 15 25 26 30 24 18 15
28 23 30 25 12 25 21 23 20 20
13 15 20 23 25 19 22 27 11 24
12 20 18 20 13 22 26 10 27 24
23 11 16 26 21 29 25 30 24 11
50
0 1 1 103 1
36 7
1 1 1 95 1
90 2
2 1 1 96 1
14 7
3 1 1 99 1
53 7
4 1 1 103 1
49 3
5 1 1 99 1
43 8
6 1 1 99 1
19 7
7 1 1 100 1
58 5
8 1 1 98 1
5 5
9 1 1 101 1
63 0
10 1 1 102 1
67 7
11 1 1 105 1
9 7
12 1 1 105 1
42 8
13 1 1 103 1
79 1
14 1 1 96 1
12 1
15 1 1 95 1
41 0
16 1 1 101 1
31 8
17 1 1 97 1
78 6
18 1 1 104 1
29 7
19 1 1 99 1
59 4
20 1 1 102 1
75 4
21 1 1 102 1
25 6
22 1 1 101 1
73 4
23 1 1 105 1
35 0
24 1 1 99 1
77 5
25 1 1 105 1
80 1
26 1 1 102 1
74 5
27 1 1 99 1
95 6
28 1 1 103 1
67 8
29 1 1 102 1
95 5
30 1 1 97 1
86 6
31 1 1 101 1
33 8
32 1 1 105 1
74 6
33 1 1 105 1
60 0
34 1 1 105 1
81 7
35 1 1 96 1
5 0
36 1 1 96 1
68 2
37 1 1 105 1
75 2
38 1 1 104 1
36 0
39 1 1 102 1
30 5
40 1 1 95 1
35 3
41 1 1 105 1
82 9
42 1 1 98 1
72 3
43 1 1 98 1
99 2
44 1 1 97 1
69 4
45 1 1 97 1
45 3
46 1 1 97 1
6 2
47 1 1 96 1
57 5
48 1 1 103 1
78 0
49 1 1 105 1
7 7
6
600 stop
1000 break
1200 continue
1400 stop
1600 break
1800 break
