10 10
8 3 3 8 5 4 4 4 8 3
8 8 7 3 7 6 3 3 3 4
4 7 7 3 7 4 8 8 8 7
6 4 6 7 5 3 4 8 6 5
5 4 4 5 3 3 6 3 5 5
7 5 3 8 6 7 3 6 3 7
5 8 7 5 7 4 8 3 3 8
4 5 3 4 3 6 5 6 8 5
4 5 5 4 8 5 8 8 8 3
7 8 4 7 8 4 4 6 6 5
0
3
1000 break
1500 continue
2000 stop
22
0 55 5
4 6 1
4 1 6
7 5 2
4 6 4
8 7 8
2 49 2
4 5 10
7 7 6
4 47 5
8 2 1
2 3 3
7 2 7
7 8 9
5 1 2
9 49 3
2 5 7
3 8 1
5 3 9
10 55 3
4 3 6
3 1 10
6 8 1
11 50 3
4 1 4
2 2 8
2 3 3
15 53 2
5 7 4
4 5 7
18 52 5
8 2 4
4 2 6
1 4 10
4 1 2
1 4 2
19 50 1
4 5 8
21 53 2
8 4 8
7 4 2
22 55 4
6 7 7
8 1 2
1 7 6
2 4 4
24 53 4
3 7 3
5 8 4
2 8 9
2 1 9
25 46 2
3 7 8
8 4 7
26 47 4
1 7 5
8 5 7
8 3 4
5 4 1
31 53 1
6 1 1
36 52 5
3 1 9
2 3 2
2 4 7
2 4 10
1 2 7
41 54 5
6 5 4
6 4 5
7 3 5
8 6 2
1 8 10
46 46 1
4 5 3
49 46 2
6 5 3
8 5 10
54 45 5
5 2 3
5 2 2
3 5 5
4 6 4
5 8 5
55 46 4
5 1 1
6 3 5
3 8 9
7 1 2
56 47 5
1 6 10
3 7 3
1 5 6
1 6 4
4 2 6
