10 10
8 3 3 8 5 4 4 4 8 3
8 8 7 3 7 6 3 3 3 4
4 7 7 3 7 4 8 8 8 7
6 4 6 7 5 3 4 8 6 5
5 4 4 5 3 3 6 3 5 5
7 5 3 8 6 7 3 6 3 7
5 8 7 5 7 4 8 3 3 8
4 5 3 4 3 6 5 6 8 5
4 5 5 4 8 5 8 8 8 3
7 8 4 7 8 4 4 6 6 5
10
0 2 3 45 2
0 5
6 4
1 2 3 48 4
6 7
2 4
2 3
8 4
6 4 4 50 2
1 4
3 0
7 1 2 55 2
6 1
6 6
12 4 3 53 1
5 1
17 3 3 46 3
6 2
7 0
4 2
22 1 3 55 2
2 5
2 0
27 3 4 45 1
5 6
30 2 1 48 1
1 7
31 2 2 55 4
8 2
4 8
6 3
8 3
0
10
0 51 3
8 8 2
4 4 2
6 1 9
2 54 2
1 2 1
4 2 1
5 46 2
5 8 4
3 8 4
9 51 2
2 2 7
6 7 7
13 45 1
1 7 6
14 48 2
4 8 3
7 3 5
18 48 1
8 2 1
23 45 1
4 3 7
27 52 2
7 1 3
7 1 7
30 52 3
7 8 3
4 5 4
1 1 6
